doc;predicted_country;confidence;proba_benelux;proba_france;proba_germany;proba_other
aircision.pdf;benelux;0.9999930900707484;0.9999930900707484;2.223074252786003e-06;2.9576772579052504e-06;1.729177740783305e-06
clhynn.pdf;france;0.9999978743388004;1.715474359372061e-06;0.9999978743388004;1.4095579717719843e-08;3.9609126039675575e-07
altosolution.pdf;france;0.9999944573102456;3.288730133532384e-07;0.9999944573102456;2.7557032392449457e-07;4.938246416926985e-06
terakalis.pdf;france;0.9999928021483746;6.289457714825404e-06;0.9999928021483746;1.7126745461302067e-07;7.371264557876036e-07
qualitics.pdf;benelux;0.9999795343426575;0.9999795343426575;2.0174697412694967e-05;2.8774904601037377e-07;3.2108837504086114e-09
azteq2.pdf;benelux;0.9999966576243295;0.9999966576243295;2.5835820973916666e-06;4.894795969354736e-08;7.098456133802718e-07
ouat!.pdf;benelux;0.999964516377734;0.999964516377734;2.0466961264129954e-05;1.089429694382565e-05;4.122364058067789e-06
getyourway.pdf;benelux;0.9999475485497344;0.9999475485497344;2.13469183594723e-05;3.906581346376523e-06;2.7197950559762617e-05
spreeinteractive.pdf;germany;0.999987891505649;6.779932945543932e-06;3.6711470073927483e-06;0.999987891505649;1.6574143980096775e-06
zeppsolutions.pdf;benelux;0.999979942406906;0.999979942406906;3.2740542812409934e-06;1.1567282864837096e-05;5.2162559478215134e-06
dacma.pdf;germany;0.9999732923847721;7.999830590455432e-06;3.038548490509954e-07;0.9999732923847721;1.8403929788486187e-05
biocide.pdf;other;0.9999854948837312;7.863092397363112e-06;5.553051046718656e-06;1.0889728247632694e-06;0.9999854948837312
flasc2.pdf;benelux;0.9999876727998769;0.9999876727998769;1.3330824003600069e-06;6.106954730953117e-06;4.887162991770166e-06
amethyste.pdf;france;0.9999732338193301;1.4846534422563288e-05;0.9999732338193301;1.0329380154035212e-05;1.5902660933604966e-06
hexana.pdf;france;0.999979108887748;5.032409974734871e-06;0.999979108887748;5.908983895329245e-06;9.949718381971786e-06
pepps.pdf;benelux;0.9999780072534075;0.9999780072534075;9.999929573866733e-06;8.795969707426353e-06;3.1968473112337267e-06
lancey.pdf;france;0.9999748927201144;9.322403935658027e-06;0.9999748927201144;7.581917561602257e-06;8.202958388310665e-06
holy.pdf;germany;0.9999909519151361;7.719147701684408e-06;6.402726388313516e-07;0.9999909519151361;6.886645234630179e-07
chemicalnewtech.pdf;other;0.9999869408261204;6.50885329147782e-06;3.2241825724018674e-06;3.326138015791086e-06;0.9999869408261204
followinspiration.pdf;other;0.9999872030580311;7.43938978029514e-06;5.162921671644092e-06;1.9463051685328647e-07;0.9999872030580311
nature2need.pdf;germany;0.9999722191244008;7.105688250564493e-06;1.5093915128562368e-05;0.9999722191244008;5.581272220130896e-06
dronematrix.pdf;benelux;0.9999991974757988;0.9999991974757988;5.527407422963297e-07;4.958191922252946e-08;2.002015397004946e-07
packwise.pdf;germany;0.9999941106650139;4.370284015464846e-06;4.160106649508434e-07;0.9999941106650139;1.1030403057868644e-06
bloom.pdf;other;0.9999837560929171;3.963569411383483e-06;5.6891131512410785e-06;6.591224520192989e-06;0.9999837560929171
stargate.pdf;other;0.999835279884889;7.617268936842541e-05;3.997413827129303e-05;4.857328747139829e-05;0.999835279884889
ridergy.pdf;germany;0.9999840900428275;1.3291285965919286e-05;6.814509693506293e-07;0.9999840900428275;1.937220237021985e-06
aerleum.pdf;france;0.9999609499409606;6.269202124477489e-06;0.9999609499409606;1.0170365245779836e-05;2.2610491669122654e-05
infiniciag.pdf;germany;0.9999820854554582;4.192853657745869e-06;5.656675897363657e-06;0.9999820854554582;8.065014986621171e-06
sunlion.pdf;benelux;0.9999892035709401;0.9999892035709401;1.0499346369441598e-05;6.041121513658202e-08;2.3667147545365416e-07
airbooster.pdf;france;0.9999851520923404;3.700300504709695e-06;0.9999851520923404;8.343630096512473e-07;1.031324414535688e-05
bulane.pdf;france;0.9999965517498921;2.042393085812803e-06;0.9999965517498921;1.6600688131891018e-07;1.2398501407510656e-06
azteq.pdf;benelux;0.9999802634269004;0.9999802634269004;1.555845631014596e-06;1.5149359582133204e-05;3.031367886452886e-06
aquilae.pdf;france;0.9999885700664655;5.526748147199973e-06;0.9999885700664655;1.313111088587594e-06;4.590074298532729e-06
v2i.pdf;benelux;0.999979131798048;0.999979131798048;2.078973558354541e-05;3.942044276000242e-09;7.452432427560437e-08
vernaio.pdf;germany;0.9999910390819916;2.2434300514584484e-06;1.1543862423586373e-06;0.9999910390819916;5.563101714429416e-06
mecawareA.pdf;france;0.9999951672518617;4.287735819452072e-06;0.9999951672518617;2.801952722897104e-07;2.6481704651205465e-07
aiblox.pdf;benelux;0.9999456782546745;0.9999456782546745;3.625926869932111e-06;3.827374911345762e-05;1.2422069341888206e-05
forecastyai.pdf;germany;0.9999878558175377;1.1102808244157354e-05;6.518695133584309e-07;0.9999878558175377;3.8950470468531673e-07
condugo.pdf;benelux;0.9999952330356459;0.9999952330356459;3.905938341412714e-06;1.5949042969489546e-07;7.015355828812365e-07
brighterbins.pdf;benelux;0.9999981039396549;0.9999981039396549;1.641896213510142e-07;2.0915739348160865e-08;1.710954984089309e-06
flasc.pdf;benelux;0.9999936375716978;0.9999936375716978;8.60074030247769e-07;3.093044863287574e-06;2.4093094085199247e-06
ipsumtek.pdf;france;0.9999941349794406;3.0136247472415115e-06;0.9999941349794406;1.053391385056689e-06;1.7980044272264297e-06
waterhorizon.pdf;france;0.9999885679053885;4.104054382834376e-06;0.9999885679053885;9.093706969173886e-07;6.418669531819442e-06
ysenergiesmarines.pdf;france;0.9999978696805919;1.7239965215793018e-06;0.9999978696805919;2.4680971443883236e-07;1.5951317204919988e-07
blixt.pdf;other;0.9999686601212929;1.3592306557560002e-05;1.393247265846058e-05;3.815099490984908e-06;0.9999686601212929
coldpad2.pdf;france;0.9999997854026238;8.417318545055426e-08;0.9999997854026238;1.1223910086885979e-08;1.1920028070479509e-07
twinsity.pdf;germany;0.9999822939047996;4.985622437076927e-06;1.7274308234871651e-06;0.9999822939047996;1.0993041939850415e-05
iqrypto.pdf;benelux;0.9996876161179608;0.9996876161179608;2.4943905607571963e-05;7.940014919295722e-06;0.0002794999615123295
starcopter.pdf;germany;0.9999879035200349;3.1001286933834725e-06;6.970257961120735e-06;0.9999879035200349;2.026093310558148e-06
latannerievegetale.pdf;france;0.9999685053870346;2.2694394266991122e-05;0.9999685053870346;6.773792076769401e-06;2.0264266215032287e-06
spark2.pdf;france;0.9999686892870184;4.446295006462081e-07;0.9999686892870184;2.189613353027986e-05;8.969949950681499e-06
mirsense.pdf;france;0.9999709458797418;9.441940627100596e-06;0.9999709458797418;1.3126658441777758e-05;6.485521189212529e-06
novali3.pdf;benelux;0.9999982821717943;0.9999982821717943;3.02878178679991e-07;1.1108827965232477e-07;1.303861747469559e-06
koremetals.pdf;other;0.8437630092096621;0.0847048765565424;0.00754744316352941;0.06398467107026617;0.8437630092096621
uware.pdf;benelux;0.9999956967802553;0.9999956967802553;5.384958655439815e-07;2.0559031764305144e-06;1.7088207026935044e-06
litherm.pdf;germany;0.9999892699782631;1.0408903732333652e-06;8.369031301582942e-06;0.9999892699782631;1.3201000619712082e-06
chemalive.pdf;other;0.9999939723029485;4.9740524663192735e-06;3.213401523383161e-07;7.32304432840242e-07;0.9999939723029485
everysens.pdf;france;0.9999855879091077;1.196505520773207e-05;0.9999855879091077;1.4474639756807294e-06;9.995717088949265e-07
bluepowersynergy.pdf;benelux;0.9999725494246803;0.9999725494246803;8.018842678254379e-06;2.4972883741513116e-06;1.6934444267073654e-05
swoopenergy.pdf;france;0.9999622137800325;6.85139607922063e-06;0.9999622137800325;3.02612685230341e-06;2.790869703589811e-05
sylfen.pdf;france;0.9999823601289936;5.9538172783597e-07;0.9999823601289936;1.1073969649776536e-05;5.970519629011172e-06
tihive.pdf;france;0.9999561609421044;1.929897511406319e-05;0.9999561609421044;1.719346212523225e-05;7.346620656223641e-06
echemicles.pdf;other;0.999992116945534;6.628351354838827e-06;1.0087662313535346e-06;2.4593687990193e-07;0.999992116945534
comppair.pdf;other;0.9999797622695942;6.083273576548462e-06;2.2386216594693875e-06;1.1915835169802052e-05;0.9999797622695942
pydro.pdf;germany;0.9999857868185559;8.436781396721222e-06;4.554076518270257e-06;0.9999857868185559;1.2223235290912723e-06
sunmaxx.pdf;germany;0.9999907804591828;9.80343145057485e-07;6.243970673231246e-06;0.9999907804591828;1.995226999008906e-06
senorics.pdf;germany;0.9999899709557943;3.551317358688671e-06;4.898181511353084e-06;0.9999899709557943;1.579545335597231e-06
wattalps.pdf;france;0.9999758660838803;1.9347476959283202e-05;0.9999758660838803;1.1576375317622179e-06;3.6288016285795813e-06
mecabotix.pdf;france;0.9999763815558281;1.0019143177458278e-05;0.9999763815558281;1.964169090429632e-07;1.3402884085607903e-05
uware2.pdf;benelux;0.9999956967802553;0.9999956967802553;5.384958655439815e-07;2.0559031764305144e-06;1.7088207026935044e-06
covess.pdf;benelux;0.9999719206028649;0.9999719206028649;1.4535340440196644e-05;1.1405045857340012e-06;1.2403552109153229e-05
anisoprint.pdf;benelux;0.9999713873803752;0.9999713873803752;1.390835360133556e-05;1.3870479027467408e-06;1.331721812073643e-05
leviathandynamics2.pdf;france;0.9999955164053363;1.2728112086591027e-06;0.9999955164053363;8.720494349082261e-07;2.338734020102108e-06
storh.pdf;other;0.9999858245673257;1.0377865485194817e-06;1.2758971862528751e-05;3.7867426329973404e-07;0.9999858245673257
kooping.pdf;france;0.999994391684839;2.5829786591555003e-06;0.999994391684839;1.5400776395441797e-06;1.4852588624101908e-06
variolytics.pdf;germany;0.9999914872027217;7.126802087330252e-06;4.837721104051625e-07;0.9999914872027217;9.022230807314292e-07
rein4ced.pdf;benelux;0.9999924761532002;0.9999924761532002;5.147274478800222e-07;6.154926675795141e-06;8.541926761680952e-07
roth2.pdf;france;0.9999962180864427;1.0003798437630467e-06;0.9999962180864427;2.195840646318604e-06;5.856930673150302e-07
dionymer.pdf;france;0.9999966843681369;3.043969846512785e-07;0.9999966843681369;2.5932011143609576e-06;4.1803376403033457e-07
lithcote.pdf;benelux;0.9999931082154486;0.9999931082154486;1.048506220746354e-06;5.619640782890396e-06;2.2363754769967204e-07
bonidriver.pdf;germany;0.9999864654551331;6.629135127608293e-06;2.121292160053868e-06;0.9999864654551331;4.784117579126351e-06
bianergy2.pdf;benelux;0.9999844926898401;0.9999844926898401;1.2849974495730664e-06;3.899762137223308e-06;1.0322550573108342e-05
internest.pdf;france;0.9999809176641872;4.5977743553676094e-06;0.9999809176641872;2.909406204833852e-07;1.4193620836857471e-05
voleatech.pdf;germany;0.999984392934435;2.2721311983766418e-06;1.1320526589898385e-05;0.999984392934435;2.014407776677344e-06
effitrax.pdf;benelux;0.9999962455724761;0.9999962455724761;3.477173183296752e-06;2.4137091197676104e-07;3.588342870860749e-08
avoxt.pdf;benelux;0.9999589082881142;0.9999589082881142;2.02771924623257e-06;2.742137519517735e-05;1.1642617444540718e-05
alberts.pdf;benelux;0.9999810997225865;0.9999810997225865;1.1576443783874368e-05;4.986192062124258e-06;2.337641567440052e-06
sereema.pdf;france;0.9999953417811156;5.754092837272168e-07;0.9999953417811156;3.944611150649015e-06;1.3819845004167277e-07
inflights.pdf;benelux;0.9999712002851934;0.9999712002851934;1.667414186341884e-05;5.8566366242452404e-06;6.268936319138144e-06
waterstuffsun.pdf;germany;0.9999867704226721;5.5459226688338745e-06;4.749843067547965e-06;0.9999867704226721;2.93381159136909e-06
borealesenergy.pdf;france;0.9999844903523163;8.547653587601676e-06;0.9999844903523163;9.682525348790198e-07;5.9937415613033295e-06
senseven.pdf;other;0.9999848823151423;5.110404226053613e-06;4.628718086141506e-07;9.544408823158151e-06;0.9999848823151423
diamfab.pdf;france;0.9999924423040241;1.3867135343932956e-06;0.9999924423040241;1.2861881761541426e-06;4.8847942655140805e-06
comsens.pdf;benelux;0.9999583886848842;0.9999583886848842;6.302168437267673e-06;2.804208024363962e-05;7.267066434889806e-06
otiv.pdf;benelux;0.9999900132089466;0.9999900132089466;6.650108120611506e-06;1.4276576820234712e-06;1.9090252508118707e-06
akvola.pdf;germany;0.999984442749103;9.721523763630156e-06;1.598373778964316e-06;0.999984442749103;4.237353354475738e-06
cilkoa.pdf;france;0.999968989771564;7.416998518962708e-06;0.999968989771564;1.441856761314175e-05;9.174662303809683e-06
uavia.pdf;france;0.9999833080848053;9.783705086472919e-06;0.9999833080848053;9.478065806251339e-07;5.96040352763241e-06
akryvia.pdf;france;0.9999705309440665;4.99256669721439e-06;0.9999705309440665;1.3902109848207502e-05;1.0574379388170545e-05
torwash.pdf;benelux;0.9999701789435613;0.9999701789435613;1.3945784836595496e-05;5.45808246537888e-06;1.0417189136699478e-05
uze.pdf;benelux;0.9999832716872187;0.9999832716872187;3.6777282256546715e-06;5.573345968140171e-06;7.477238587412148e-06
sogilis.pdf;france;0.9999551581062888;3.305447642405585e-05;0.9999551581062888;1.0226890641951119e-05;1.560526645210452e-06
getyourway_v5.pdf;benelux;0.9999475485497344;0.9999475485497344;2.13469183594723e-05;3.906581346376523e-06;2.7197950559762617e-05
carbodown.pdf;france;0.9999969294491292;2.195739725260567e-06;0.9999969294491292;6.207033283230252e-07;2.541078171857178e-07
alouette.pdf;france;0.9999767819623856;2.1180696952273546e-05;0.9999767819623856;8.948848423440455e-07;1.1424558198294583e-06
hiqutediamond.pdf;france;0.9999977191246895;1.8180757154126792e-06;0.9999977191246895;3.48684902014116e-07;1.1411469299531765e-07
exomatter.pdf;germany;0.9999747908856438;1.8659240449476097e-05;1.7105834484719147e-06;0.9999747908856438;4.8392904582037465e-06
holosolis.pdf;france;0.9999962452487173;5.869331466996632e-07;0.9999962452487173;2.733308140773913e-06;4.3450999525363467e-07
stabilogreen.pdf;benelux;0.9999741788786416;0.9999741788786416;2.5638053842164662e-05;1.0183943640871683e-07;8.12280798649268e-08
senodis.pdf;germany;0.9999922467893122;1.524593788697437e-06;1.932157167188078e-06;0.9999922467893122;4.296459731875393e-06
roav7.pdf;france;0.9999876369280215;1.8868429209293018e-06;0.9999876369280215;4.8133925532768006e-08;1.0428095132153473e-05
ecop.pdf;other;0.9999808207281695;6.38705631531958e-06;1.804357303283605e-06;1.0987858211772957e-05;0.9999808207281695
mobito.pdf;benelux;0.9999659630052128;0.9999659630052128;2.0648370460196786e-05;2.2001118265459087e-06;1.1188512500413617e-05
mitis.pdf;benelux;0.9999700567613959;0.9999700567613959;1.96378533923697e-05;3.6988442805421428e-06;6.606540931302139e-06
aloxy.pdf;benelux;0.999912221982014;0.999912221982014;2.9002500373831715e-05;2.452228182781962e-05;3.4253235784361584e-05
cixten.pdf;france;0.9999915618075494;3.0185678900406686e-06;0.9999915618075494;4.829130140454506e-06;5.904944202198945e-07
ollow.pdf;france;0.9999995668216275;1.5218247815977765e-08;0.9999995668216275;3.3255867373300295e-07;8.540145082650668e-08
sironatechnologies.pdf;benelux;0.9999899631524419;0.9999899631524419;5.15933861285237e-06;3.6152181861044504e-06;1.2622907591681953e-06
dropslab.pdf;benelux;0.9999890191967185;0.9999890191967185;3.291480401613569e-06;2.5818404569192326e-06;5.107482423035741e-06
visplore.pdf;other;0.9999861949493024;1.2746543245447548e-06;8.17931040125827e-08;1.244860326918318e-05;0.9999861949493024
exanodia.pdf;france;0.9997388722255539;4.050510313578108e-06;0.9997388722255539;3.7685689275543024e-06;0.0002533086952048054
hevatech.pdf;france;0.9999947684155228;1.040792492724827e-06;0.9999947684155228;3.7337474648821545e-06;4.5704451941875366e-07
teeptrak2.pdf;france;0.999984647467183;1.5071384347137894e-05;0.999984647467183;2.0947066072438869e-07;7.167780929356437e-08
grownbio.pdf;benelux;0.9999793072309474;0.9999793072309474;8.884118136085295e-06;9.843571953965887e-06;1.9650789625822803e-06
nexwafe.pdf;germany;0.9999887225582508;2.282185537136796e-06;5.522000297252312e-06;0.9999887225582508;3.4732559147294053e-06
otiv2.pdf;benelux;0.9999776807018586;0.9999776807018586;1.2280778896410688e-05;5.9642166755523765e-06;4.074302569388015e-06
maana.pdf;benelux;0.9999853023005251;0.9999853023005251;4.021889227127249e-06;2.978081282931799e-07;1.0378002119387083e-05
huskk.pdf;benelux;0.9999704578875447;0.9999704578875447;2.1743586070741202e-06;2.2056241381289756e-05;5.31151246692382e-06
wizata.pdf;benelux;0.9999775082378156;0.9999775082378156;1.46988348934159e-05;7.424652066105063e-07;7.0504620843138195e-06
effectsphotonics.pdf;benelux;0.999982518998561;0.999982518998561;2.2683308583216416e-06;1.4515787190133042e-05;6.968833905534211e-07
fountainfuel.pdf;benelux;0.9999913993900899;0.9999913993900899;2.0239282549464852e-06;5.845137055531778e-06;7.315445995873688e-07
dryad.pdf;benelux;0.9999641295956216;0.9999641295956216;3.2680235054208673e-07;2.7598833791945544e-05;7.944768235642197e-06
cybus.pdf;germany;0.9999894603165319;5.446496992976151e-06;9.060145905733697e-07;0.9999894603165319;4.187171884749084e-06
replace.pdf;france;0.9999842112542253;9.148818303658917e-06;0.9999842112542253;4.5358943509407445e-06;2.1040331201538313e-06
magreesource.pdf;france;0.9999989574412187;3.669340603421494e-07;0.9999989574412187;2.8217153253404447e-07;3.9345318838589507e-07
myjiminy.pdf;france;0.9999927412554489;3.291953659833695e-06;0.9999927412554489;1.4143198622882887e-06;2.5524710288863883e-06
appsilon.pdf;benelux;0.9999776713367092;0.9999776713367092;1.2284952738795134e-06;2.617554155200292e-06;1.8482613861658107e-05
elugie.pdf;benelux;0.9999938820435033;0.9999938820435033;3.2562267411827607e-06;2.001004147826521e-06;8.60725607710978e-07
askforthemoon.pdf;france;0.9999995747389284;2.741062655013549e-07;0.9999995747389284;1.291353679975575e-07;2.201943794061455e-08
hysilabs.pdf;france;0.9999941816040355;1.1985941847700594e-06;0.9999941816040355;1.880376797882918e-07;4.431764099913967e-06
zensor.pdf;benelux;0.9999660705776318;0.9999660705776318;1.0713888813552625e-05;1.542402440376302e-05;7.791509150803111e-06
entras.pdf;benelux;0.9999913247091614;0.9999913247091614;2.933502622929863e-06;3.04635102878157e-06;2.695437186895889e-06
intelligentfluids.pdf;germany;0.9999867072840831;2.3486500067628643e-06;1.0065210531959427e-05;0.9999867072840831;8.788553780729948e-07
metaliq.pdf;germany;0.9999969486198927;2.785347980950202e-07;1.3323495692809746e-07;0.9999969486198927;2.639610352292629e-06
mcve3.pdf;france;0.9999943601160629;3.7238489726939267e-06;0.9999943601160629;1.3561686207995262e-06;5.598663436673006e-07
arkcapturesolutions.pdf;benelux;0.9999472531068422;0.9999472531068422;2.0186185245456954e-05;2.7391604644897802e-05;5.169103267512606e-06
imsystems.pdf;benelux;0.9999570707672648;0.9999570707672648;2.3134691655530774e-05;1.243845038508774e-05;7.356090694514759e-06
purenat2.pdf;france;0.9999432410676306;3.025095085969755e-05;0.9999432410676306;1.7579395298809405e-05;8.92858621100387e-06
ehgroup.pdf;other;0.9999887319526931;4.694321852023305e-06;5.103404425307144e-06;1.4703210296298781e-06;0.9999887319526931
carbyon2.pdf;other;0.9999912273213357;7.245390109361765e-06;9.87876659998652e-07;5.394118948556963e-07;0.9999912273213357
swanh.pdf;france;0.999979657691361;8.052542451568758e-06;0.999979657691361;2.921027124881764e-06;9.368739062743407e-06
viridianlithium.pdf;france;0.9999951541996861;1.16797736542802e-06;0.9999951541996861;6.905485693113787e-07;2.9872743790473763e-06
yazzoom.pdf;benelux;0.9999898376350742;0.9999898376350742;4.284425076413054e-06;3.8894871444495786e-06;1.9884527050239333e-06
wayout.pdf;other;0.9999920782740976;8.589736522852102e-07;3.917112377857659e-06;3.1456398722705646e-06;0.9999920782740976
sakowin.pdf;france;0.9999872891486566;8.499334864552617e-06;0.9999872891486566;1.3521586377284173e-06;2.859357841057008e-06
edgetech.pdf;france;0.9999973476299238;2.950212538031512e-07;0.9999973476299238;1.726750822324295e-06;6.305980000128209e-07
nexxoil.pdf;germany;0.9999815356442866;7.1417880680565465e-06;6.651284580091397e-06;0.9999815356442866;4.67128306524982e-06
komugi.pdf;france;0.9999585639958858;1.427254229951491e-05;0.9999585639958858;6.984291620304971e-06;2.0179170194319434e-05
sunmaxx2.pdf;germany;0.9999871504645309;1.7086047374130757e-06;7.085350330193126e-06;0.9999871504645309;4.055580401499144e-06
tiamat.pdf;france;0.999998300227551;6.627757895598828e-07;0.999998300227551;9.83827798275087e-07;5.3168861105409885e-08
ineratec.pdf;germany;0.9999946315609678;3.806974851929926e-06;8.759262491072592e-07;0.9999946315609678;6.855379312247794e-07
lichens.pdf;france;0.9999949801221447;4.867917983501453e-06;0.9999949801221447;2.1153609924362982e-08;1.3080626168146115e-07
companionenergy.pdf;benelux;0.999999481936315;0.999999481936315;1.3478129515002534e-07;2.394344796347835e-07;1.4384791009155785e-07
kemiwatt.pdf;france;0.9999972360182177;2.43029521414801e-06;0.9999972360182177;1.596753874045616e-07;1.7401118079579952e-07
novacarbon.pdf;france;0.9999984014960467;8.034332086929778e-07;0.9999984014960467;1.866060089060455e-07;6.084647357274672e-07
turbit.pdf;germany;0.9999922046833765;2.5472606613693407e-06;2.7586184181565396e-06;0.9999922046833765;2.489437543962796e-06
senergetics.pdf;benelux;0.9999824796322541;0.9999824796322541;3.157974109650741e-06;1.0854369842306877e-05;3.5080237940198793e-06
enadyne.pdf;germany;0.9999935032307443;1.102936126442477e-06;1.1917204137015656e-06;0.9999935032307443;4.202112715295198e-06
ananke.pdf;france;0.9999965088037217;9.806242810983836e-07;0.9999965088037217;4.874844038543856e-07;2.0230875934962283e-06
esnah.pdf;benelux;0.9999976446128166;0.9999976446128166;3.098930921223194e-07;2.177366287032004e-07;1.8277574626386401e-06
pozyx.pdf;benelux;0.9999963458789007;0.9999963458789007;2.384751071063015e-07;4.4551490841324306e-07;2.9701310837357887e-06
novomof.pdf;other;0.9999914599414377;5.580409165250526e-06;1.5825154761468212e-06;1.3771339209806754e-06;0.9999914599414377
phytonics.pdf;germany;0.999972629577599;3.331053235835095e-06;1.2786716141547624e-05;0.999972629577599;1.1252653023537473e-05
renewind.pdf;benelux;0.9999975773574564;0.9999975773574564;2.051359361606524e-06;3.1170550453611037e-07;5.957767746193456e-08
pathrobotics.pdf;other;0.999991734830759;3.5019126017165274e-06;1.890298028125364e-06;2.8729586112700982e-06;0.999991734830759
edock.pdf;benelux;0.9999997238751873;0.9999997238751873;6.302898875260636e-08;1.1570965983761036e-07;9.73861639049924e-08
grandperspective.pdf;germany;0.9999934878288298;2.7053577654422198e-06;8.098142756063482e-07;0.9999934878288298;2.9969991290315532e-06
nanoz.pdf;france;0.9999748420043414;1.6545729224258958e-05;0.9999748420043414;2.9053983654521924e-06;5.706868068937754e-06
shayp.pdf;benelux;0.9999610425990056;0.9999610425990056;3.379715945018035e-05;4.193867937264747e-06;9.66373606945491e-07
oghji.pdf;other;0.9999003289135165;1.1776827301320596e-05;8.522116702334217e-05;2.673092158762439e-06;0.9999003289135165
phoenixai.pdf;benelux;0.9999992382447221;0.9999992382447221;4.190846018460456e-07;2.1031453905749616e-07;1.323561372386971e-07
electrochaea.pdf;germany;0.999981845923733;3.721706570701824e-06;7.436776908451244e-06;0.999981845923733;6.995592787917071e-06
ghyga.pdf;france;0.9999991053126283;3.789225092006885e-07;0.9999991053126283;2.786472074859341e-07;2.3711765492775146e-07
wiidetect.pdf;france;0.9999966109499308;1.964021192281757e-06;0.9999966109499308;1.3026905101704592e-06;1.223383667145242e-07
batiprint3d.pdf;france;0.9999996924450838;6.587772525376903e-08;0.9999996924450838;5.340404909595676e-08;1.8827314184582467e-07
altransenergy.pdf;france;0.9999986287278483;3.3916531196529857e-07;0.9999986287278483;1.2899139309495508e-07;9.031154468102001e-07
nimesis.pdf;france;0.9999944916492941;2.427897877142885e-06;0.9999944916492941;4.839482476657519e-07;2.59650458125056e-06
ecellix.pdf;other;0.9999935016250421;2.54391072706963e-06;1.5880761822389743e-06;2.3663880486046114e-06;0.9999935016250421
saturnetechnology.pdf;benelux;0.9999501135370598;0.9999501135370598;2.1620618777731676e-05;9.208047963246585e-06;1.9057796199187842e-05
farwind.pdf;france;0.9999972073899877;1.6088912837584168e-06;0.9999972073899877;1.0711637176226548e-06;1.1255501096241891e-07
deloq.pdf;benelux;0.999992004622286;0.999992004622286;2.4715479006793777e-06;2.604841951372433e-06;2.9189878620069797e-06
xeryon.pdf;benelux;0.9999729546550096;0.9999729546550096;1.5881529337707489e-06;1.5827151749559224e-05;9.630040307070027e-06
brolz.pdf;benelux;0.9999773716003709;0.9999773716003709;2.1221698460396507e-05;1.1422208832867585e-07;1.2924790803946469e-06
ecobot.pdf;other;0.9999871238871051;3.5106562748162917e-06;8.358299005998809e-06;1.0071576141154813e-06;0.9999871238871051
matvision.pdf;benelux;0.9999970147710385;0.9999970147710385;2.705235458399062e-06;2.766446797744846e-07;3.3488234615379547e-09
vulkam.pdf;france;0.999989341199414;5.983614630962901e-06;0.999989341199414;3.278075150482231e-06;1.3971108046425206e-06
istya.pdf;france;0.9999772063189585;2.137597937688318e-05;0.9999772063189585;7.364184481729802e-08;1.3440598196669552e-06
genesink.pdf;france;0.9999645643919208;3.1438165096141513e-06;0.9999645643919208;2.3484370568888117e-05;8.807421000598555e-06
moiz.pdf;france;0.9999815891173089;1.6666723202200345e-05;0.9999815891173089;7.753398374302814e-07;9.688196512470424e-07
actronika.pdf;france;0.9999352379458812;2.684783522007878e-05;0.9999352379458812;2.265607601302846e-05;1.5258142885549252e-05
cosmotech.pdf;france;0.9999655814733038;1.0424759988692735e-05;0.9999655814733038;8.45913760775904e-06;1.5534629099703003e-05
sesam.pdf;france;0.9999874400877129;5.178877547375848e-06;0.9999874400877129;6.311731427637097e-06;1.069303312152049e-06
rejuice.pdf;benelux;0.9999949860380444;0.9999949860380444;5.712755202750393e-07;6.765680020491669e-07;3.766118433421701e-06
nextind.pdf;other;0.9999899600523088;4.0174062417624406e-06;2.389196741757761e-06;3.633344707809621e-06;0.9999899600523088
adlc.pdf;benelux;0.9999990623029191;0.9999990623029191;5.160030897636775e-07;3.315130164233094e-07;9.018097472285153e-08
teratonics.pdf;france;0.9999922318628709;1.0835661340574677e-06;0.9999922318628709;3.0314000204589034e-06;3.6531709745087945e-06
beagle.pdf;other;0.9999889112494399;2.6095583872723858e-06;1.1176632517672143e-07;8.367425847631038e-06;0.9999889112494399
angara.pdf;benelux;0.9999472960883374;0.9999472960883374;1.0238546229350696e-05;1.7039370654763756e-05;2.5425994778483144e-05
muodim.pdf;france;0.9999973889112311;5.480781286619792e-07;0.9999973889112311;5.315122216949207e-07;1.5314984185378073e-06
hoeller.pdf;germany;0.9999869731530964;7.118528665187139e-06;3.0525521156617955e-07;0.9999869731530964;5.603063026796383e-06
equinox_v1.pdf;benelux;0.9979133998909624;0.9979133998909624;0.0010801446683351061;0.00017055395571793504;0.0008359014849844119
soomiq.pdf;germany;0.999991323479076;4.294937531816692e-07;7.220933599554285e-06;0.999991323479076;1.0260935713715553e-06
carbon8.pdf;other;0.9999364333372586;2.168012369272717e-05;3.034637926858327e-06;3.885190112172775e-05;0.9999364333372586
oppr.pdf;benelux;0.9999800663256164;0.9999800663256164;4.116972965558278e-06;1.4849388802334638e-05;9.673126156530325e-07
mcve4.pdf;france;0.999976226827212;1.960701439219266e-05;0.999976226827212;2.4883967670249193e-06;1.677761628699078e-06
iqunet.pdf;benelux;0.999985577664843;0.999985577664843;2.6661490172585484e-06;2.4690623481462407e-06;9.287123791511417e-06
heliac.pdf;other;0.9999922104365114;2.2582733445856097e-06;4.78396259014446e-06;7.473275537620275e-07;0.9999922104365114
theyeq.pdf;france;0.9999831751686056;1.4941328879148654e-05;0.9999831751686056;6.609306985384024e-07;1.2225718166150586e-06
fibersail2.pdf;other;0.9999347037524717;6.041844923731694e-06;5.797394817834675e-05;1.2804544263044757e-06;0.9999347037524717
mcve.pdf;france;0.9999844152249324;1.3034124317398636e-05;0.9999844152249324;1.2670745050376428e-06;1.283576245277793e-06
obeia.pdf;france;0.9999992497784986;5.808111394093096e-07;0.9999992497784986;1.1538547869071795e-07;5.402488339497018e-08
adlatusrobotics.pdf;germany;0.9999957307609326;4.311788879481172e-07;1.9444933815126694e-06;0.9999957307609326;1.8935667977787548e-06
flyability.pdf;other;0.9999902656254428;2.8439210784076003e-06;6.223075462872062e-06;6.673780160359683e-07;0.9999902656254428
reeverse.pdf;france;0.999999814061208;1.2913277185832947e-07;0.999999814061208;2.5718782028686925e-08;3.108723808552785e-08
astriis.pdf;france;0.9999921714672736;3.384189085997344e-07;0.9999921714672736;1.416080130825628e-06;6.07403368705117e-06
enhywhere2.pdf;france;0.9999843784843215;1.2130795958356113e-05;0.9999843784843215;1.5068098154380588e-06;1.983909904424165e-06
molecularplasmagroup.pdf;benelux;0.9999983074245002;0.9999983074245002;9.603010385281988e-07;1.4805049519479373e-07;5.842239660834071e-07
oxylum.pdf;benelux;0.9999940793592272;0.9999940793592272;1.944081141028166e-06;2.463923144776931e-06;1.5126364868138563e-06
spotlight.pdf;france;0.9999960206428009;1.4563285464823176e-06;0.9999960206428009;2.5842226910107213e-07;2.26460638351409e-06
windfisher.pdf;france;0.9999932002786682;1.0743011154611495e-06;0.9999932002786682;6.913053991407936e-08;5.656289676404405e-06
heliup2.pdf;france;0.9999991577523686;3.837056195886703e-07;0.9999991577523686;1.2750592677697927e-07;3.3103608510566664e-07
vocsens.pdf;benelux;0.9999951475824134;0.9999951475824134;1.8096794817016474e-06;2.5386344821715022e-06;5.041036226875813e-07
lionvolt.pdf;benelux;0.9999923589651666;0.9999923589651666;2.716314428165385e-07;2.9900922141175973e-06;4.379311176500148e-06
threedy.pdf;germany;0.9999762115948344;1.0056941230484174e-05;1.295974078274903e-05;0.9999762115948344;7.71723152311774e-07
enow.pdf;benelux;0.9999867684814748;0.9999867684814748;1.1069060458934886e-05;2.02973099053432e-06;1.327270756227214e-07
keiron.pdf;benelux;0.9999796037650853;0.9999796037650853;6.715896059982585e-06;7.0982951285613825e-06;6.582043726061449e-06
dragonflypads2.pdf;france;0.9999914167074235;5.9197544569828365e-06;0.9999914167074235;6.244140516224408e-07;2.039124067653886e-06
turbulent.pdf;benelux;0.9999927606613349;0.9999927606613349;1.053712595936375e-06;3.195218937904395e-06;2.9904071311794934e-06
aprexsolutions.pdf;france;0.9999946180935815;1.6310810843948877e-06;0.9999946180935815;2.1482940439614623e-07;3.535995929618052e-06
grizit.pdf;benelux;0.9999925728102915;0.9999925728102915;2.2721638775675237e-06;5.080310247271366e-06;7.471558350719179e-08
mantispectra.pdf;benelux;0.9999606381071006;0.9999606381071006;2.376851191032726e-05;2.4575275415480973e-06;1.3135853447540482e-05
visiontechnology.pdf;france;0.999956152434876;5.613218556448289e-06;0.999956152434876;3.0064418095580576e-05;8.169928471762687e-06
dimpora.pdf;other;0.9999907611866491;9.947113340059786e-07;1.2818604121711971e-06;6.962241604849717e-06;0.9999907611866491
laserco.pdf;benelux;0.9999848860774778;0.9999848860774778;2.7634244701527032e-06;3.6448251280495886e-06;8.705672923995481e-06
inphocal.pdf;benelux;0.9999748185234187;0.9999748185234187;1.0741747920686978e-05;1.1699264732943311e-05;2.740463927650052e-06
entent.pdf;france;0.9999842713380737;5.142937802872838e-06;0.9999842713380737;8.554726074100605e-06;2.0309980494868383e-06
keeyaerogel2.pdf;france;0.9999970018328381;1.2926267463366444e-07;0.9999970018328381;2.0246919793570037e-06;8.442125078374033e-07
supairvision.pdf;france;0.999682547119689;9.890340215127526e-05;0.999682547119689;3.6612742861402716e-05;0.0001819367352983778
kheoos.pdf;france;0.9999929593995855;3.946575120655438e-06;0.9999929593995855;9.287088421038122e-07;2.165316451677039e-06
awakemobility.pdf;germany;0.9999814049642562;1.0308461525258186e-05;5.233783751181003e-06;0.9999814049642562;3.052790467249839e-06
hace.pdf;france;0.9999963621713712;1.9362339300450336e-06;0.9999963621713712;4.3165335288115484e-07;1.269941345866161e-06
tozero.pdf;germany;0.999993763707085;1.9240832820363378e-06;3.53328069140557e-06;0.999993763707085;7.789289416147675e-07
electriq.pdf;other;0.9999893287002254;6.68590920616848e-06;3.3628420956516023e-06;6.225484728721059e-07;0.9999893287002254
bondzai.pdf;france;0.9999443572384059;2.081283567058207e-05;0.9999443572384059;6.0349679254159375e-06;2.879495799818045e-05
keeyaerogel.pdf;france;0.9999763328740132;1.5586123466780778e-05;0.9999763328740132;2.6861877649908616e-06;5.3948147549524466e-06
octofan.pdf;france;0.9999975977949284;1.2904835754085394e-06;0.9999975977949284;3.232898725220113e-07;7.884316236205108e-07
credoxys.pdf;germany;0.9999961247268265;2.541040266255402e-06;7.289502593135745e-07;0.9999961247268265;6.05282647784216e-07
hbat.pdf;benelux;0.9999695519251124;0.9999695519251124;7.884072747886406e-06;7.562023750846625e-06;1.5001978388872151e-05
tractonomy.pdf;benelux;0.9999896745100169;0.9999896745100169;5.345656630357061e-06;1.4291611046852265e-06;3.55067224813958e-06
neextengineering.pdf;france;0.999996387848323;3.3989631465987167e-06;0.999996387848323;5.033925167671945e-08;1.6284927864799075e-07
machine2humansolutions.pdf;germany;0.9999978389832096;1.614272138939367e-06;1.6690979073426947e-07;0.9999978389832096;3.798348608172086e-07
airthium.pdf;other;0.9999888773976726;4.963958604261115e-06;5.611835312322145e-06;5.468084109385962e-07;0.9999888773976726
manaa.pdf;benelux;0.9999687997428159;0.9999687997428159;1.4598773134116603e-05;5.045591094358201e-06;1.1555892955694891e-05
coldpad.pdf;france;0.9999843610877804;6.345765340622168e-06;0.9999843610877804;5.148146062160143e-07;8.778332272555171e-06
deephawk.pdf;france;0.9999857010936869;2.9864730867380585e-06;0.9999857010936869;9.27944951582235e-06;2.0329837104201726e-06
mobenergy.pdf;france;0.9999886617046124;1.0715919708108467e-05;0.9999886617046124;3.069022401917395e-07;3.1547343937897216e-07
hywaves.pdf;other;0.9999885534964662;5.239852157976196e-06;4.795125130421095e-06;1.411526245404419e-06;0.9999885534964662
enosis.pdf;france;0.9999873406748433;6.191696624940317e-06;0.9999873406748433;1.2707814236992746e-06;5.1968471078840515e-06
independentlivingbase.pdf;france;0.9999988242789214;1.3581805281673252e-07;0.9999988242789214;5.408837304869194e-09;1.0344941886332676e-06
nestwave.pdf;france;0.9999824069624759;1.5863043042113887e-05;0.9999824069624759;1.0103615406841455e-06;7.196329413362563e-07
ionics.pdf;benelux;0.9999675439766892;0.9999675439766892;2.489171516281086e-05;3.0642710678726614e-06;4.500037080343955e-06
eternalpower.pdf;germany;0.9999976378545212;1.0243685030622682e-06;8.280784266924172e-07;0.9999976378545212;5.096985490070123e-07
wespran.pdf;france;0.9999878318412435;8.376771669958883e-06;0.9999878318412435;5.565337225154908e-07;3.23485336413517e-06
atmocoat.pdf;germany;0.9999907639392659;5.7708404381002246e-06;2.4340406924611126e-06;0.9999907639392659;1.0311796034437788e-06
twikit.pdf;benelux;0.9999851572574857;0.9999851572574857;1.3469218571482294e-06;1.956283111596138e-06;1.1539537545597962e-05
amflow.pdf;benelux;0.9999771040673986;0.9999771040673986;6.405497364275036e-06;7.98840047767109e-06;8.502034759543459e-06
polypea.pdf;benelux;0.9999416802526083;0.9999416802526083;4.2059647946850415e-05;6.574165948780585e-06;9.685933495931731e-06
geolith.pdf;france;0.9999955255561649;1.4299714966496226e-06;0.9999955255561649;3.431740534753748e-07;2.7012982849234595e-06
propellane.pdf;france;0.9999961245660214;3.2773126298444824e-06;0.9999961245660214;9.19364073356236e-09;5.8892770811568e-07
nexxtlab.pdf;benelux;0.99996452321057;0.99996452321057;3.273131930501858e-05;2.7217100858974447e-06;2.376003898067486e-08
amiraltechnologies.pdf;france;0.9999919987347339;1.4163015324353831e-06;0.9999919987347339;6.061691403277258e-06;5.232723303583323e-07
enprove.pdf;benelux;0.999985133326026;0.999985133326026;1.2874576838623111e-05;1.1147160030715042e-06;8.773811325771341e-07
dotocean.pdf;benelux;0.9999874987750281;0.9999874987750281;6.4567168088991445e-06;8.755522467346041e-08;5.956952938030467e-06
rovenso.pdf;other;0.9999903728937645;5.289948606503719e-06;3.6205669511678334e-06;7.16590677782268e-07;0.9999903728937645
onewatt.pdf;benelux;0.9999905982378092;0.9999905982378092;6.8217180675311395e-06;1.5915164790100605e-06;9.88527644335703e-07
rift.pdf;benelux;0.9999482272868655;0.9999482272868655;9.96934220055076e-06;2.0513695674186933e-05;2.1289675259854582e-05
h2sys.pdf;france;0.9999812006465202;7.634659026187404e-06;0.9999812006465202;9.279854654705751e-06;1.8848397990069215e-06
mobilitywork.pdf;france;0.9999697000540752;1.8639199213197474e-05;0.9999697000540752;8.490099224509836e-06;3.170647487314918e-06
greengentech.pdf;france;0.999999366563638;1.2484957454105333e-07;0.999999366563638;1.3939691775450657e-07;3.6918986952685946e-07
highline.pdf;germany;0.9999807410563665;9.300551454342016e-06;7.168920293074512e-06;0.9999807410563665;2.789471886082322e-06
zorabots.pdf;benelux;0.9999952477986447;0.9999952477986447;1.927911317852742e-07;2.619192515847128e-06;1.940217707628927e-06
anabrid.pdf;germany;0.9999910605822322;6.08573674766739e-06;2.6976741466319874e-07;0.9999910605822322;2.583913605436352e-06
flyability2.pdf;other;0.9999909464172935;5.237226933707732e-06;3.3988355240680223e-06;4.175202486720881e-07;0.9999909464172935
mariepoppies.pdf;benelux;0.9999739470904209;0.9999739470904209;2.4957696222099238e-05;2.241605179325763e-07;8.710528391439289e-07
worms2.pdf;france;0.9999849039475729;6.690505759706582e-06;0.9999849039475729;3.771923152616915e-06;4.633623514662366e-06
genhy.pdf;france;0.9999968851423943;2.655628344520325e-07;0.9999968851423943;3.392490996607874e-07;2.5100456714749562e-06
eco2grow.pdf;germany;0.99998046987551;6.702786934506341e-06;1.993624869088656e-06;0.99998046987551;1.083371268657238e-05
hawaitech.pdf;france;0.9999973952394772;2.016377855658665e-06;0.9999973952394772;1.3646916425667535e-07;4.5191350303925e-07
soluterials.pdf;germany;0.9999933207041035;3.3170659132796914e-06;5.766297504071769e-07;0.9999933207041035;2.785600232765428e-06
rosi.pdf;france;0.9999815165924768;1.0269720242119286e-05;0.9999815165924768;2.376621311263811e-06;5.837065969899717e-06
inuse.pdf;france;0.9999451293282077;1.6400730366338086e-05;0.9999451293282077;1.4822069164258123e-05;2.3647872261694865e-05
japet.pdf;france;0.9999878000383339;1.1064579934466199e-05;0.9999878000383339;7.242204114524202e-07;4.1116132010892156e-07
aloecell.pdf;other;0.9999935795598605;4.739643925027463e-06;6.350253360515532e-07;1.0457708784722275e-06;0.9999935795598605
nimbleone.pdf;france;0.999997860299169;8.832842648636378e-08;0.999997860299169;2.100882315645261e-08;2.0303635812203107e-06
gravithy.pdf;france;0.9999986538582237;4.030019413562128e-07;0.9999986538582237;7.762207396026774e-08;8.655177609178217e-07
aredox.pdf;france;0.9999695146174662;5.774619460084755e-06;0.9999695146174662;8.388546006902199e-07;2.387190847321666e-05
neurala.pdf;other;0.9999942459045709;3.4890728533178198e-06;1.8090150297680621e-06;4.560075461514052e-07;0.9999942459045709
watt4ever.pdf;benelux;0.999998170878526;0.999998170878526;1.0982468538787591e-06;4.470087801903859e-07;2.838658398689364e-07
askforthemoon2.pdf;france;0.9999742077918328;1.4002522475520451e-05;0.9999742077918328;5.9237568695194515e-06;5.865928822167747e-06
infrasolid.pdf;germany;0.9999907744929448;4.909452770765321e-06;3.9637550589613874e-07;0.9999907744929448;3.919678778530515e-06
arkeocean.pdf;france;0.9999775763295624;8.460316134957322e-06;0.9999775763295624;2.8987095413766584e-07;1.3673483348340362e-05
novocycle.pdf;other;0.9999891827857631;5.936753394500828e-06;3.498984856272804e-06;1.3814759860709883e-06;0.9999891827857631
meam.pdf;benelux;0.999993813134174;0.999993813134174;3.5107430893618656e-06;7.573045172443055e-07;1.918818219240762e-06
hyve.pdf;benelux;0.9999858375832029;0.9999858375832029;9.729832294661306e-06;2.961086489650592e-06;1.4714980126405236e-06
cognifab.pdf;france;0.9999682948166397;1.1232368837278369e-05;0.9999682948166397;1.940641581891704e-05;1.0663987043001457e-06
extracthive.pdf;france;0.9999985745588733;1.8411358024475336e-07;0.9999985745588733;4.6701158858919034e-07;7.743159580373977e-07
squairtech.pdf;france;0.9999757771607125;1.4193032885036643e-05;0.9999757771607125;4.449909782983126e-06;5.579896619532982e-06
wainvame.pdf;france;0.9999903257697572;8.844483395730874e-06;0.9999903257697572;2.969669149048358e-07;5.327799322079008e-07
