doc;predicted_country;confidence;proba_benelux;proba_france;proba_germany;proba_other
247energy.pdf;benelux;0.9999872083608151;0.9999872083608151;5.436897107257641e-08;4.59506240402501e-08;1.2691319589808174e-05
actronika.pdf;france;0.9999744218253095;9.154210786397652e-06;0.9999744218253095;9.94344183911109e-06;6.480522065008602e-06
adlatusrobotics.pdf;germany;0.9999957307609326;4.311788879481172e-07;1.9444933815126694e-06;0.9999957307609326;1.8935667977787548e-06
adlc.pdf;benelux;0.9999990623029191;0.9999990623029191;5.160030897636775e-07;3.315130164233094e-07;9.018097472285153e-08
aerleum.pdf;france;0.9999609499409606;6.269202124477489e-06;0.9999609499409606;1.0170365245779836e-05;2.2610491669122654e-05
aiblox.pdf;benelux;0.9999504162637578;0.9999504162637578;3.3096690924703044e-06;3.493546589265474e-05;1.133860125704634e-05
airbooster.pdf;france;0.9999851680373478;3.684355319349544e-06;0.9999851680373478;8.343630229553692e-07;1.0313244309804076e-05
aircision.pdf;benelux;0.9999930894904344;0.9999930894904344;2.223074251495913e-06;2.9582575743269155e-06;1.729177739779832e-06
airthium.pdf;other;0.9999888773976726;4.963958604261115e-06;5.611835312322145e-06;5.468084109385962e-07;0.9999888773976726
aithra.pdf;france;0.9999962560797022;2.344817226531379e-06;0.9999962560797022;9.684871645116561e-07;4.3061590683925374e-07
akryvia.pdf;france;0.9999667604524286;5.648974968426325e-06;0.9999667604524286;1.564230933896512e-05;1.19482632640865e-05
akvola.pdf;germany;0.9999818911443235;1.2054731802838273e-05;1.5983697004826921e-06;0.9999818911443235;4.455754173156469e-06
alberts.pdf;benelux;0.9999816446380644;0.9999816446380644;1.1031524315183267e-05;4.9861947792288425e-06;2.3376428412812e-06
aloecell.pdf;other;0.9999924366113492;4.941985753695913e-06;1.1707961623295133e-06;1.4506067348603888e-06;0.9999924366113492
alouette.pdf;france;0.9999701470133094;2.757769280645371e-05;0.9999701470133094;9.987771379335822e-07;1.2765167461156909e-06
aloxy.pdf;benelux;0.9999100281144029;0.9999100281144029;2.9002436740599904e-05;2.4522228024457013e-05;3.6447220832135786e-05
altosolution.pdf;france;0.9999937704089239;3.696425085022198e-07;0.9999937704089239;3.095211411029972e-07;5.550427426510564e-06
altransenergy.pdf;france;0.9999986287329056;3.391653119670138e-07;0.9999986287329056;1.2899139309560743e-07;9.031103895664623e-07
amethyste.pdf;france;0.9999732334531138;1.4846534417126099e-05;0.9999732334531138;1.0329746376313033e-05;1.5902660927780996e-06
amflow.pdf;benelux;0.9999797733255554;0.9999797733255554;5.980366865014166e-06;5.744250125361694e-06;8.502057454188706e-06
amiraltechnologies.pdf;france;0.9999935004464597;1.1477139444836611e-06;0.9999935004464597;4.912151537910907e-06;4.3968805795410853e-07
anabrid.pdf;germany;0.9999910802743711;6.085736867509634e-06;2.5007510503605836e-07;0.9999910802743711;2.5839136563195922e-06
ananke.pdf;france;0.9999962611802833;9.806240382719795e-07;0.9999962611802833;7.351085861024396e-07;2.023087092530573e-06
angara.pdf;benelux;0.9999431892277584;0.9999431892277584;1.1036367122917704e-05;1.8367133954072036e-05;2.7407271164758342e-05
anisoprint.pdf;benelux;0.9999708414065525;0.9999708414065525;1.4454335452382944e-05;1.3870471454332265e-06;1.3317210849675901e-05
appsilon.pdf;benelux;0.9999776713367092;0.9999776713367092;1.2284952738795134e-06;2.617554155200292e-06;1.8482613861658107e-05
aprexsolutions.pdf;france;0.9999946173163154;1.631081083127097e-06;0.9999946173163154;2.1560667463476068e-07;3.5359959268696275e-06
aquilae.pdf;france;0.9999881270670022;5.686845833393016e-06;0.9999881270670022;1.4622119255764842e-06;4.723875238731493e-06
aredox.pdf;france;0.9999740187582178;4.525827076322924e-06;0.9999740187582178;6.573885125127464e-07;2.0798026193462953e-05
arkcapturesolutions.pdf;benelux;0.9998441529515514;0.9998441529515514;5.964251544686942e-05;8.093179485289497e-05;1.527273814890154e-05
arkeocean.pdf;france;0.9999801526260567;8.695936205187881e-06;0.9999801526260567;2.438753417189195e-07;1.0907562396514662e-05
askforthemoon.pdf;france;0.999999574397858;2.7410626540786533e-07;0.999999574397858;1.2947643856302157e-07;2.2019437933104366e-08
askforthemoon2.pdf;france;0.9999715255627245;1.545869765568678e-05;0.9999715255627245;6.539790712122758e-06;6.475948907791342e-06
astriis.pdf;france;0.9999874252479954;3.3841730237681197e-07;0.9999874252479954;1.4160734097461955e-06;1.08202612924911e-05
atmocoat.pdf;germany;0.9999931789429625;3.8527334127294614e-06;2.164888723827439e-06;0.9999931789429625;8.034349009715689e-07
avoxt.pdf;benelux;0.9999589690988957;0.9999589690988957;2.0030427705022063e-06;2.742137686276113e-05;1.1606481471071781e-05
awakemobility.pdf;germany;0.9999795413487007;1.1836404008969281e-05;5.569462512443827e-06;0.9999795413487007;3.052784777916243e-06
azteq.pdf;benelux;0.999957093665872;0.999957093665872;3.255283838112556e-06;3.354809240788696e-05;6.102957882121535e-06
azteq2.pdf;benelux;0.9999966576243295;0.9999966576243295;2.5835820973916666e-06;4.894795969354736e-08;7.098456133802718e-07
batiprint3d.pdf;france;0.9999996924450838;6.587772525376903e-08;0.9999996924450838;5.340404909595676e-08;1.8827314184582467e-07
beagle.pdf;other;0.9999875853577184;2.6095549272421558e-06;1.1645231476998546e-07;9.688635039634684e-06;0.9999875853577184
bianergy2.pdf;benelux;0.9999833672082196;0.9999833672082196;1.2849960033096267e-06;3.925643092280093e-06;1.1422152684921528e-05
biocide.pdf;other;0.9999753814194736;1.3345509941644062e-05;9.424828579566607e-06;1.8482420051342693e-06;0.9999753814194736
blixt.pdf;other;0.9999721230172652;1.2090426346980902e-05;1.2393005837169852e-05;3.393550550587165e-06;0.9999721230172652
bloom.pdf;other;0.9999813291133322;4.555760809444443e-06;6.539115641694372e-06;7.5760102167261535e-06;0.9999813291133322
bluepowersynergy.pdf;benelux;0.9999698274199499;0.9999698274199499;8.35196542266541e-06;2.8042979096124335e-06;1.901631671782476e-05
bondzai.pdf;france;0.9999268102506501;2.7376179440886022e-05;0.9999268102506501;7.93809971217429e-06;3.787547019674893e-05
bonidriver.pdf;germany;0.9999870565809851;6.62913904631448e-06;9.616790279155785e-07;0.9999870565809851;5.352600940843654e-06
borealesenergy.pdf;france;0.9999768155443637;1.2777382145413781e-05;0.9999768155443637;1.4473834865465244e-06;8.95969000436644e-06
brighterbins.pdf;benelux;0.9999981039396549;0.9999981039396549;1.641896213510142e-07;2.0915739348160865e-08;1.710954984089309e-06
brolz.pdf;benelux;0.9999773716003709;0.9999773716003709;2.1221698460396507e-05;1.1422208832867585e-07;1.2924790803946469e-06
bulane.pdf;france;0.9999967781023394;2.0423935481150703e-06;0.9999967781023394;1.6601142835160428e-07;1.0134926841107903e-06
carbodown.pdf;france;0.9999969294388437;2.1957397252379824e-06;0.9999969294388437;6.207136138622846e-07;2.541078171831042e-07
carbon8.pdf;other;0.9999400746830407;2.1247564583967392e-05;2.82677668437047e-06;3.585097569095988e-05;0.9999400746830407
carbyon2.pdf;other;0.9999901042741517;8.331630929900005e-06;9.87875550556818e-07;5.762193678540458e-07;0.9999901042741517
chemalive.pdf;other;0.9999939723546614;4.974052466576497e-06;3.213401523549336e-07;7.322527195971928e-07;0.9999939723546614
chemicalnewtech.pdf;other;0.9999652185742091;1.0085780046129905e-05;3.224112534981191e-06;2.1471533209792398e-05;0.9999652185742091
cilkoa.pdf;france;0.9999683534969308;7.416993799568347e-06;0.9999683534969308;1.4418558438688429e-05;9.810950830913197e-06
cixten.pdf;france;0.9999915618075494;3.0185678900406686e-06;0.9999915618075494;4.829130140454506e-06;5.904944202198945e-07
clhynn.pdf;france;0.9999978721092897;1.7154743555473844e-06;0.9999978721092897;1.409557968629353e-08;3.9832077488754387e-07
cognifab.pdf;france;0.9999566711597445;1.6196541972635552e-05;0.9999566711597445;2.5581897621919262e-05;1.550400660765543e-06
coldpad.pdf;france;0.9999843610877804;6.345765340622168e-06;0.9999843610877804;5.148146062160143e-07;8.778332272555171e-06
coldpad2.pdf;france;0.9999997644904752;8.954447081512176e-08;0.9999997644904752;1.9678030423815558e-08;1.2628702373424456e-07
companionenergy.pdf;benelux;0.9999994819480308;0.9999994819480308;1.347812951516044e-07;2.3942276384689046e-07;1.4384791009324313e-07
comppair.pdf;other;0.9999797622695942;6.083273576548462e-06;2.2386216594693875e-06;1.1915835169802052e-05;0.9999797622695942
comsens.pdf;benelux;0.9999441671361113;0.9999441671361113;8.47692422485091e-06;3.7609491731911326e-05;9.746447931951467e-06
condugo.pdf;benelux;0.9999952330356459;0.9999952330356459;3.905938341412714e-06;1.5949042969489546e-07;7.015355828812365e-07
cosmotech.pdf;france;0.9999655814733038;1.0424759988692735e-05;0.9999655814733038;8.45913760775904e-06;1.5534629099703003e-05
covess.pdf;benelux;0.9999694467160409;0.9999694467160409;1.581595152408109e-05;1.2409867739373782e-06;1.3496345661245977e-05
credoxys.pdf;germany;0.9999955589712565;2.912009645810819e-06;8.353705427759921e-07;0.9999955589712565;6.936485549624857e-07
ctrlenergy.pdf;france;0.9999304573264419;2.8213353053884937e-05;0.9999304573264419;1.8983166900126632e-06;3.9431003814354346e-05
cybus.pdf;germany;0.9999880227522773;5.446489163204238e-06;2.343592694112116e-06;0.9999880227522773;4.187165865357013e-06
dacma.pdf;germany;0.9999732923257139;7.999830589982964e-06;3.0385484903304977e-07;0.9999732923257139;1.8403988847262882e-05
deephawk.pdf;france;0.9999858118807083;2.9864734176052475e-06;0.9999858118807083;9.279450543879621e-06;1.922195330084008e-06
deloq.pdf;benelux;0.999989681520141;0.999989681520141;3.189670100112328e-06;3.3616934899489737e-06;3.7671162689079092e-06
diamfab.pdf;france;0.9999924423040241;1.3867135343932956e-06;0.9999924423040241;1.2861881761541426e-06;4.8847942655140805e-06
dimpora.pdf;other;0.9999918175800105;9.947123848221365e-07;1.229470573142168e-06;5.958237031552471e-06;0.9999918175800105
dionymer.pdf;france;0.9999896339977381;9.516677248206465e-07;0.9999896339977381;8.107392414985582e-06;1.306942122205049e-06
dotocean.pdf;benelux;0.9999874987750281;0.9999874987750281;6.4567168088991445e-06;8.755522467346041e-08;5.956952938030467e-06
dragonflypads2.pdf;france;0.9999901498325147;6.79350840204874e-06;0.9999901498325147;7.165609278524142e-07;2.340098155606092e-06
dronematrix.pdf;benelux;0.9999988813332292;0.9999988813332292;8.6888339091365e-07;4.9581903547561536e-08;2.0020147640821462e-07
dropslab.pdf;benelux;0.9999884843653618;0.9999884843653618;3.1347406490777163e-06;2.581839076054835e-06;5.799054913260506e-06
dryad.pdf;benelux;0.9999634053155723;0.9999634053155723;3.268021138371734e-07;2.759881380194379e-05;8.669068511900881e-06
ecellix.pdf;other;0.9999915589646189;4.128385396747663e-06;1.730286052196794e-06;2.582363932089917e-06;0.9999915589646189
echemicles.pdf;other;0.9999912555742475;7.352830915424032e-06;1.1188255346338562e-06;2.7276930233207464e-07;0.9999912555742475
eco2grow.pdf;germany;0.9999799819206262;7.185427147351827e-06;1.998944826575234e-06;0.9999799819206262;1.083370740010612e-05
ecobot.pdf;other;0.999987018431303;3.1607142276234867e-06;8.813696961490611e-06;1.0071575079034997e-06;0.999987018431303
ecop.pdf;other;0.9999610754708206;1.2697495974471395e-05;5.35291641182459e-06;2.0874116793089686e-05;0.9999610754708206
edgetech.pdf;france;0.9999973476299238;2.950212538031512e-07;0.9999973476299238;1.726750822324295e-06;6.305980000128209e-07
edock.pdf;benelux;0.9999997238640635;0.9999997238640635;6.304011257161911e-08;1.1570965983632324e-07;9.738616390390911e-08
effectsphotonics.pdf;benelux;0.9999848529398354;0.9999848529398354;1.6778445275007929e-06;1.2772330619976643e-05;6.968850170667628e-07
effitrax.pdf;benelux;0.9999962455724761;0.9999962455724761;3.477173183296752e-06;2.4137091197676104e-07;3.588342870860749e-08
ehgroup.pdf;other;0.9999883354476806;4.859507717313996e-06;5.282985268397261e-06;1.522059333732276e-06;0.9999883354476806
electriq.pdf;other;0.9999877074239539;6.6858983663468575e-06;4.98413021619453e-06;6.225474635382682e-07;0.9999877074239539
electrochaea.pdf;germany;0.999981845923733;3.721706570701824e-06;7.436776908451244e-06;0.999981845923733;6.995592787917071e-06
elugie.pdf;benelux;0.9999946636367744;0.9999946636367744;2.4746312332273188e-06;2.001005711807467e-06;8.60726280452437e-07
enadyne.pdf;germany;0.9999946136477779;9.144241117189972e-07;9.880335357509795e-07;0.9999946136477779;3.4838945745851585e-06
enhywhere2.pdf;france;0.9999860278108169;1.0522956427682533e-05;0.9999860278108169;1.4889014841981563e-06;1.9603312713713783e-06
enosis.pdf;france;0.999987248093371;6.1014765155593725e-06;0.999987248093371;1.3066988938105902e-06;5.343731219651391e-06
enow.pdf;benelux;0.9999867684814748;0.9999867684814748;1.1069060458934886e-05;2.02973099053432e-06;1.327270756227214e-07
enprove.pdf;benelux;0.9999869461179748;0.9999869461179748;1.1304694477537325e-05;9.787913033491687e-07;7.703962443553928e-07
entent.pdf;france;0.9999834074187105;6.006866311437514e-06;0.9999834074187105;8.554718683390856e-06;2.0309962948406984e-06
entras.pdf;benelux;0.9999913247091614;0.9999913247091614;2.933502622929863e-06;3.04635102878157e-06;2.695437186895889e-06
equinox.pdf;benelux;0.997845359914267;0.997845359914267;0.0011153660879749663;0.0001761153889422816;0.0008631586088154246
equinox_v1.pdf;benelux;0.997845359914267;0.997845359914267;0.0011153660879749663;0.0001761153889422816;0.0008631586088154246
equinox_v3.pdf;benelux;0.997845359914267;0.997845359914267;0.0011153660879749663;0.0001761153889422816;0.0008631586088154246
equinox_v4.pdf;benelux;0.997845359914267;0.997845359914267;0.0011153660879749663;0.0001761153889422816;0.0008631586088154246
esnah.pdf;benelux;0.9999976465739162;0.9999976465739162;3.079588930649843e-07;2.1770972460061983e-07;1.827757466223063e-06
eternalpower.pdf;germany;0.9999979292224868;8.980138100596218e-07;7.259358919756164e-07;0.9999979292224868;4.468278110927274e-07
ethernics.pdf;benelux;0.9999697645514352;0.9999697645514352;2.45536398033247e-05;3.8134783738814625e-06;1.8683303877290696e-06
everysens.pdf;france;0.999985108981654;1.2297518756659873e-05;0.999985108981654;1.528698229571663e-06;1.0648013597740752e-06
exanodia.pdf;france;0.9997388722255539;4.050510313578108e-06;0.9997388722255539;3.7685689275543024e-06;0.0002533086952048054
exomatter.pdf;germany;0.9999747908856438;1.8659240449476097e-05;1.7105834484719147e-06;0.9999747908856438;4.8392904582037465e-06
extracthive.pdf;france;0.999998462907478;1.8411355968818594e-07;0.999998462907478;5.786630909117968e-07;7.743158715838174e-07
farwind.pdf;france;0.9999972031857121;1.6088912769941756e-06;0.9999972031857121;1.0711637131191748e-06;1.1675929788508431e-07
fibersail2.pdf;other;0.9999347037524717;6.041844923731694e-06;5.797394817834675e-05;1.2804544263044757e-06;0.9999347037524717
flasc.pdf;benelux;0.9999926222639228;0.9999926222639228;8.600731570023631e-07;2.7856901676516177e-06;3.7319727523950276e-06
flasc2.pdf;benelux;0.9999870607585796;0.9999870607585796;1.6123698701141908e-06;6.2917910783351875e-06;5.035080472127621e-06
flyability.pdf;other;0.9999889274208474;3.2348807885915423e-06;7.07857451236733e-06;7.591238516407497e-07;0.9999889274208474
flyability2.pdf;other;0.999990120309693;5.715105483683494e-06;3.708967319464149e-06;4.556175038696363e-07;0.999990120309693
followinspiration.pdf;other;0.9999808140037993;1.1543946936845772e-05;7.340034659774414e-06;3.0201460404674067e-07;0.9999808140037993
forecastyai.pdf;germany;0.9999895207817951;9.59785987850209e-06;5.635107903060434e-07;0.9999895207817951;3.178475361180778e-07
fountainfuel.pdf;benelux;0.9999931099939361;0.9999931099939361;1.5500998332350139e-06;4.7423722286352325e-06;5.975340018628971e-07
genesink.pdf;france;0.999964562717443;3.143816504349714e-06;0.999964562717443;2.3484370529562664e-05;8.809095522850412e-06
genhy.pdf;france;0.9999965760464515;2.7643259557597244e-07;0.9999965760464515;5.414965085693628e-07;2.606024444318326e-06
geolith.pdf;france;0.9999959644748696;1.429972124293668e-06;0.9999959644748696;3.4317420410155986e-07;2.2623788020152484e-06
getyourway.pdf;benelux;0.9999475485497344;0.9999475485497344;2.13469183594723e-05;3.906581346376523e-06;2.7197950559762617e-05
getyourway_v5.pdf;benelux;0.9999475485497344;0.9999475485497344;2.13469183594723e-05;3.906581346376523e-06;2.7197950559762617e-05
ghyga.pdf;france;0.9999990789384235;4.052967273839443e-07;0.9999990789384235;2.7864720013682905e-07;2.371176486739563e-07
grandperspective.pdf;germany;0.9999934878288298;2.7053577654422198e-06;8.098142756063482e-07;0.9999934878288298;2.9969991290315532e-06
gravithy.pdf;france;0.9999986134123958;4.434528552693945e-07;0.9999986134123958;7.761702297190821e-08;8.655177259111922e-07
greengentech.pdf;france;0.9999993498218844;1.248495724508512e-07;0.9999993498218844;1.5613867976966244e-07;3.691898633459697e-07
greenyenergyag.pdf;other;0.9999782884756871;1.3847675913676154e-06;1.4899778339301973e-06;1.8836778887422675e-05;0.9999782884756871
grizit.pdf;benelux;0.9999941527704618;0.9999941527704618;2.2721674675226137e-06;3.5003463690690376e-06;7.471570155571459e-08
grownbio.pdf;benelux;0.9999717272578541;0.9999717272578541;1.1725239551546851e-05;1.4215790341090533e-05;2.331712253308693e-06
h2sys.pdf;france;0.9999820886085454;7.325089745222673e-06;0.9999820886085454;8.903576169568337e-06;1.6827255399028027e-06
hace.pdf;france;0.9999963622634396;1.9362339302233e-06;0.9999963622634396;4.3156128409799036e-07;1.2699413459830828e-06
hawaitech.pdf;france;0.9999974411272619;1.980855544875308e-06;0.9999974411272619;1.3406500173749958e-07;4.439521916922198e-07
hbat.pdf;benelux;0.9999684698241457;0.9999684698241457;8.164266578630105e-06;7.830772210009762e-06;1.5535137065602926e-05
heliac.pdf;other;0.9999908699827682;2.991802799064845e-06;5.264727427628709e-06;8.734870052072619e-07;0.9999908699827682
heliup2.pdf;france;0.9999991577523686;3.837056195886703e-07;0.9999991577523686;1.2750592677697927e-07;3.3103608510566664e-07
hevatech.pdf;france;0.9999949209919907;1.0407926515261002e-06;0.9999949209919907;3.581170768418189e-06;4.570445891533569e-07
hexana.pdf;france;0.999978979149573;5.162150207273978e-06;0.999978979149573;5.908983128692443e-06;9.949717091086513e-06
highline.pdf;germany;0.9999807410563665;9.300551454342016e-06;7.168920293074512e-06;0.9999807410563665;2.789471886082322e-06
hiqutediamond.pdf;france;0.9999970966087033;2.440591989628734e-06;0.9999970966087033;3.4868468495169527e-07;1.1411462195693498e-07
hoeller.pdf;germany;0.9999869509438964;7.140737996465628e-06;3.052552047866172e-07;0.9999869509438964;5.603062902355214e-06
holosolis.pdf;france;0.9999962452487173;5.869331466996632e-07;0.9999962452487173;2.733308140773913e-06;4.3450999525363467e-07
holy.pdf;germany;0.9999909519151361;7.719147701684408e-06;6.402726388313516e-07;0.9999909519151361;6.886645234630179e-07
huskk.pdf;benelux;0.9999702501264718;0.9999702501264718;2.174358155313697e-06;2.2264004009488832e-05;5.31151136336569e-06
hysilabs.pdf;france;0.9999941521007311;1.1985941494073645e-06;0.9999941521007311;1.8803767424052661e-07;4.461267445126438e-06
hyve.pdf;benelux;0.9999858375832029;0.9999858375832029;9.729832294661306e-06;2.961086489650592e-06;1.4714980126405236e-06
hywaves.pdf;other;0.9999858884045109;6.459848097485568e-06;5.911575177517951e-06;1.7401722140283539e-06;0.9999858884045109
icodos.pdf;germany;0.9999824579249688;5.351134994899487e-06;6.921281385497905e-06;0.9999824579249688;5.269658650913844e-06
imsystems.pdf;benelux;0.9999546192787335;0.9999546192787335;2.3951808040574594e-05;1.2877569989090607e-05;8.551343236733235e-06
independentlivingbase.pdf;france;0.9999988242789214;1.3581805281673252e-07;0.9999988242789214;5.408837304869194e-09;1.0344941886332676e-06
ineratec.pdf;germany;0.9999946315609678;3.806974851929926e-06;8.759262491072592e-07;0.9999946315609678;6.855379312247794e-07
infiniciag.pdf;germany;0.9999828917312454;4.192857038402816e-06;4.850390226770113e-06;0.9999828917312454;8.065021489363972e-06
inflights.pdf;benelux;0.9999561074014337;0.9999561074014337;2.5868452957550035e-05;1.0321293413114843e-05;7.70285219577894e-06
infrasolid.pdf;germany;0.9999906025674615;4.909451926697494e-06;3.974333534780251e-07;0.9999906025674615;4.090547258308805e-06
inphocal.pdf;benelux;0.9999610488587825;0.9999610488587825;1.9030646954422454e-05;1.7426881759014e-05;2.493612504235442e-06
insens.pdf;benelux;0.9999870973658056;0.9999870973658056;1.1365522394957855e-05;1.4474920405701415e-06;8.961975901360718e-08
intelligentfluids.pdf;germany;0.9999867072840831;2.3486500067628643e-06;1.0065210531959427e-05;0.9999867072840831;8.788553780729948e-07
internest.pdf;france;0.9999805465492241;4.5977726490321886e-06;0.9999805465492241;2.909405125089072e-07;1.4564737614364775e-05
inuse.pdf;france;0.9999395765896688;1.8060432436550703e-05;0.9999395765896688;1.632201571098292e-05;2.60409621834348e-05
ionics.pdf;benelux;0.9999677657872048;0.9999677657872048;2.4891720684234244e-05;2.8424540325710696e-06;4.500038078531897e-06
ipsumtek.pdf;france;0.9999935308927919;3.3240227169217282e-06;0.9999935308927919;1.1618888174259701e-06;1.983195673813442e-06
iqrypto.pdf;benelux;0.9996876161179608;0.9996876161179608;2.4943905607571963e-05;7.940014919295722e-06;0.0002794999615123295
iqunet.pdf;benelux;0.9999816776762536;0.9999816776762536;6.564265740038059e-06;2.4709704350556854e-06;9.287087571312223e-06
istya.pdf;france;0.9999772063189591;2.1375979376883192e-05;0.9999772063189591;7.364184430251151e-08;1.3440598196669563e-06
japet.pdf;france;0.9999877818141156;1.1064579732820417e-05;0.9999877818141156;7.577004271445544e-07;3.959057244209075e-07
keeyaerogel.pdf;france;0.9999510581445094;3.112076998511875e-05;0.9999510581445094;5.923866714003829e-06;1.1897218791474987e-05
keeyaerogel2.pdf;france;0.9999969978897355;1.3320578866018405e-07;0.9999969978897355;2.0246919713734116e-06;8.442125045085767e-07
keiron.pdf;benelux;0.9999796037650853;0.9999796037650853;6.715896059982585e-06;7.0982951285613825e-06;6.582043726061449e-06
kemiwatt.pdf;france;0.9999972360182177;2.43029521414801e-06;0.9999972360182177;1.596753874045616e-07;1.7401118079579952e-07
kheoos.pdf;france;0.9999935023281081;3.404023765369142e-06;0.9999935023281081;9.283304991210486e-07;2.165317627297378e-06
komugi.pdf;france;0.9999585639958858;1.427254229951491e-05;0.9999585639958858;6.984291620304971e-06;2.0179170194319434e-05
kooping.pdf;france;0.9999943913511792;2.582978658293659e-06;0.9999943913511792;1.540411300636756e-06;1.4852588619146168e-06
koremetals.pdf;other;0.8437630092096621;0.0847048765565424;0.00754744316352941;0.06398467107026617;0.8437630092096621
lancey.pdf;france;0.9999748925825079;9.322403934375172e-06;0.9999748925825079;7.582055170594961e-06;8.202958387181856e-06
laserco.pdf;benelux;0.9999848874011973;0.9999848874011973;2.7634244738107577e-06;3.6435013933604e-06;8.705672935519525e-06
latannerievegetale.pdf;france;0.9999728298936638;1.79260123778603e-05;0.9999728298936638;7.115456167625678e-06;2.1286377908860747e-06
leviathandynamics2.pdf;france;0.9999955164053363;1.2728112086591027e-06;0.9999955164053363;8.720494349082261e-07;2.338734020102108e-06
lichens.pdf;france;0.9999949824517212;4.865658927218992e-06;0.9999949824517212;2.1143793161722754e-08;1.307455583770427e-07
lionvolt.pdf;benelux;0.9999923589651666;0.9999923589651666;2.716314428165385e-07;2.9900922141175973e-06;4.379311176500148e-06
lithcote.pdf;benelux;0.9999922191241464;0.9999922191241464;1.184507531396165e-06;6.344574620274665e-06;2.5179370186331936e-07
litherm.pdf;germany;0.9999892699782631;1.0408903732333652e-06;8.369031301582942e-06;0.9999892699782631;1.3201000619712082e-06
maana.pdf;benelux;0.9999505954517048;0.9999505954517048;1.3806908946596873e-05;9.885879471567498e-07;3.460905140157002e-05
machine2humansolutions.pdf;germany;0.9999978468347382;1.6142721516138984e-06;1.5905824643830648e-07;0.9999978468347382;3.798348637994993e-07
magreesource.pdf;france;0.9999989502145503;3.742223182116889e-07;0.9999989502145503;2.821099458135225e-07;3.934531855425364e-07
manaa.pdf;benelux;0.9999740083215543;0.9999740083215543;1.201789338543867e-05;4.460828852311387e-06;9.512956207979779e-06
mantispectra.pdf;benelux;0.9999630270319644;0.9999630270319644;2.23289268872725e-05;2.303785589462829e-06;1.2340255559062443e-05
mariepoppies.pdf;benelux;0.9999713499423272;0.9999713499423272;2.7445665290185866e-05;2.4650650812091346e-07;9.57885874580116e-07
matvision.pdf;benelux;0.9999970147710385;0.9999970147710385;2.705235458399062e-06;2.766446797744846e-07;3.3488234615379547e-09
mcve.pdf;france;0.9999845188334936;1.303412566786655e-05;0.9999845188334936;1.1634644603782578e-06;1.2835763782693537e-06
mcve3.pdf;france;0.9999943584137385;3.7238489663546923e-06;0.9999943584137385;1.3561686184908743e-06;5.615686766626048e-07
mcve4.pdf;france;0.9999801605785468;1.636143025369467e-05;0.9999801605785468;2.07734181614791e-06;1.400649383414258e-06
meam.pdf;benelux;0.99999389998361;0.99999389998361;3.510743394269809e-06;6.704546098371841e-07;1.918818385890073e-06
mecabotix.pdf;france;0.9999722020145164;1.1790968717958343e-05;0.9999722020145164;1.9641456080373947e-07;1.5810602204691932e-05
mecawareA.pdf;france;0.9999949676784283;4.485449515339531e-06;0.9999949676784283;2.8205506256996985e-07;2.6481699366135206e-07
metaliq.pdf;germany;0.9999969486198927;2.785347980950202e-07;1.3323495692809746e-07;0.9999969486198927;2.639610352292629e-06
mirsense.pdf;france;0.9999704639979675;9.441936077069297e-06;0.9999704639979675;1.3608547891518512e-05;6.485518063867267e-06
mitis.pdf;benelux;0.9999721582948868;0.9999721582948868;1.8794372505831973e-05;3.247299715792282e-06;5.800032891745049e-06
mobenergy.pdf;france;0.9999864294428878;1.2948182821950413e-05;0.9999864294428878;3.069015550978477e-07;3.154727351517036e-07
mobilitywork.pdf;france;0.9999696720144805;1.8667239134688928e-05;0.9999696720144805;8.490098986443682e-06;3.1706473984085544e-06
mobito.pdf;benelux;0.9999559344918413;0.9999559344918413;1.7835403783961475e-05;1.8685982316311861e-06;2.4361506142968713e-05
moiz.pdf;france;0.9999903041910333;7.375990751057646e-06;0.9999903041910333;1.3509901208764383e-06;9.688280947371808e-07
molecularplasmagroup.pdf;benelux;0.9999983074245002;0.9999983074245002;9.603010385281988e-07;1.4805049519479373e-07;5.842239660834071e-07
muodim.pdf;france;0.9999973589073491;5.780820725760644e-07;0.9999973589073491;5.31512205747449e-07;1.5314983725867892e-06
myjiminy.pdf;france;0.9999939093601906;2.7958838927598963e-06;0.9999939093601906;1.126951150527084e-06;2.167804765952428e-06
nanoz.pdf;france;0.9999228639368221;6.190877255433559e-05;0.9999228639368221;6.417337592908334e-06;8.809953030681246e-06
nature2need.pdf;germany;0.9999784648902138;5.705086239405253e-06;1.0190942205983347e-05;0.9999784648902138;5.639081340757239e-06
neextengineering.pdf;france;0.9999954630834589;4.2675076774199725e-06;0.9999954630834589;6.320255140775688e-08;2.0620631247554802e-07
nestwave.pdf;france;0.9999824069624759;1.5863043042113887e-05;0.9999824069624759;1.0103615406841455e-06;7.196329413362563e-07
neurala.pdf;other;0.9999937769213864;3.9580571000528795e-06;1.8090141813655509e-06;4.560073322903035e-07;0.9999937769213864
nextind.pdf;other;0.9999907179856571;3.87952947083013e-06;2.3891985526278286e-06;3.013286319414416e-06;0.9999907179856571
nexwafe.pdf;germany;0.999988826319443;2.2821857739417586e-06;5.4182385078690966e-06;0.999988826319443;3.473256275122644e-06
nexxoil.pdf;germany;0.9999892388664279;4.4418683408465295e-06;3.7121642993561485e-06;0.9999892388664279;2.6071009318878156e-06
nexxtlab.pdf;benelux;0.999964523467471;0.999964523467471;3.273131931342758e-05;2.7214531765939887e-06;2.376003898677905e-08
nimbleone.pdf;france;0.9999982809326136;8.87475673809725e-08;0.9999982809326136;2.1108515376531167e-08;1.6092113038537497e-06
nimesis.pdf;france;0.9999951225134772;2.146725157238512e-06;0.9999951225134772;4.2901068481646056e-07;2.3017506807891933e-06
novacarbon.pdf;france;0.9999984934264159;7.128792547065243e-07;0.9999984934264159;1.8522953777392364e-07;6.084647916639444e-07
novali3.pdf;benelux;0.999997949611824;0.999997949611824;3.0287807795465985e-07;1.1108824270874633e-07;1.6364218554413303e-06
novocycle.pdf;other;0.9999868273093828;7.5735666743025574e-06;4.131874451439074e-06;1.4672494915400927e-06;0.9999868273093828
novomof.pdf;other;0.9999921912177226;4.850263493695877e-06;1.5825166334127426e-06;1.3760021502759665e-06;0.9999921912177226
obeia.pdf;france;0.9999991940853972;6.365042501318664e-07;0.9999991940853972;1.1538547226453797e-07;5.4024880386154615e-08
octofan.pdf;france;0.9999975110223664;1.3384068418652479e-06;0.9999975110223664;3.3286005163751877e-07;8.17710739993377e-07
oghji.pdf;other;0.9999516808382108;6.861517669742515e-06;3.9856851262477296e-05;1.600792856944848e-06;0.9999516808382108
ollow.pdf;france;0.9999995453296491;1.5218247488907368e-08;0.9999995453296491;3.548890973380491e-07;8.456300620141649e-08
onewatt.pdf;benelux;0.9999905982378092;0.9999905982378092;6.8217180675311395e-06;1.5915164790100605e-06;9.88527644335703e-07
oppr.pdf;benelux;0.9999775915912054;0.9999775915912054;4.628088702243896e-06;1.6692917132622622e-05;1.0874029597701567e-06
otiv.pdf;benelux;0.9999890179687877;0.9999890179687877;7.315562763647127e-06;1.5664132635727305e-06;2.1000551850301704e-06
otiv2.pdf;benelux;0.9999769993789008;0.9999769993789008;1.2659668415559764e-05;6.144392493022102e-06;4.196560190554722e-06
ouat!.pdf;benelux;0.9999632957586133;0.9999632957586133;2.0466936280879202e-05;1.0894389367195485e-05;5.342915738702966e-06
oxylum.pdf;benelux;0.9999938636074176;0.9999938636074176;1.944080721586658e-06;2.463922613177906e-06;1.7283892476176678e-06
packwise.pdf;germany;0.9999935226686779;4.958185357504184e-06;4.1601042033665607e-07;0.9999935226686779;1.1031355441128848e-06
pathrobotics.pdf;other;0.9999879959000283;5.086079635727717e-06;2.7454158340765244e-06;4.172604501867648e-06;0.9999879959000283
pepps.pdf;benelux;0.999963412430699;0.999963412430699;1.647606740587925e-05;1.4492401044339564e-05;5.6191008508313396e-06
phoenixai.pdf;benelux;0.9999992382447221;0.9999992382447221;4.190846018460456e-07;2.1031453905749616e-07;1.323561372386971e-07
phytonics.pdf;germany;0.9999260186489075;7.0863602742009934e-06;3.2316581066313135e-05;0.9999260186489075;3.4578409751782e-05
polypea.pdf;benelux;0.9998993715643969;0.9998993715643969;8.35025541099707e-05;6.568614960656691e-06;1.0557266532266483e-05
powerlubecontrol.pdf;benelux;0.9999723322167158;0.9999723322167158;2.7485807472713224e-05;9.234710110021506e-08;8.962871054024836e-08
pozyx.pdf;benelux;0.9999963458789007;0.9999963458789007;2.384751071063015e-07;4.4551490841324306e-07;2.9701310837357887e-06
propellane.pdf;france;0.9999961245711825;3.2773126298613973e-06;0.9999961245711825;9.18847953520214e-09;5.889277081187196e-07
purenat2.pdf;france;0.9999640244516528;1.8957635683639823e-05;0.9999640244516528;1.1422310417415534e-05;5.5956022462616715e-06
pydro.pdf;germany;0.9999710206865536;1.7428395604044518e-05;9.407645337634227e-06;0.9999710206865536;2.1432725047930965e-06
qualitics.pdf;benelux;0.9999759888032534;0.9999759888032534;2.3720173400075128e-05;2.88535590319298e-07;2.487756223360603e-09
reeverse.pdf;france;0.9999998135506357;1.2964334411205817e-07;0.9999998135506357;2.5718782015555625e-08;3.1087238069655565e-08
rein4ced.pdf;benelux;0.9999923848363834;0.9999923848363834;5.147274008763965e-07;6.154926113742601e-06;9.455101018923789e-07
rejuice.pdf;benelux;0.9999949766841558;0.9999949766841558;5.805953939891549e-07;6.76602052032085e-07;3.766118398193672e-06
renewind.pdf;benelux;0.9999973917657096;0.9999973917657096;2.1931888340496255e-06;3.4781861260946635e-07;6.722684366408362e-08
replace.pdf;france;0.9999820832297247;1.10905407423009e-05;0.9999820832297247;4.535884698294031e-06;2.290344834604584e-06
ridergy.pdf;germany;0.9999817169630479;1.3291834182935534e-05;6.852981511056204e-07;0.9999817169630479;4.305904618140282e-06
rift.pdf;benelux;0.9999422543414963;0.9999422543414963;1.1443121951902556e-05;2.5434484647857312e-05;2.0868051903851162e-05
roav7.pdf;france;0.9999872754311097;1.9420143127947863e-06;0.9999872754311097;4.954136419029235e-08;1.0733013213338117e-05
rosi.pdf;france;0.9999815165657782;1.0269720241845095e-05;0.9999815165657782;2.3766480103511834e-06;5.837065969743873e-06
roth2.pdf;france;0.9999964345154775;7.803772509549057e-07;0.9999964345154775;2.199414077467889e-06;5.856931940764948e-07
rovenso.pdf;other;0.9999903728937645;5.289948606503719e-06;3.6205669511678334e-06;7.16590677782268e-07;0.9999903728937645
sakowin.pdf;france;0.9999872891486566;8.499334864552617e-06;0.9999872891486566;1.3521586377284173e-06;2.859357841057008e-06
saturnetechnology.pdf;benelux;0.9999501135370598;0.9999501135370598;2.1620618777731676e-05;9.208047963246585e-06;1.9057796199187842e-05
senergetics.pdf;benelux;0.9999824796322541;0.9999824796322541;3.157974109650741e-06;1.0854369842306877e-05;3.5080237940198793e-06
senodis.pdf;germany;0.9999909356246952;1.695172619059081e-06;2.1483361337411267e-06;0.9999909356246952;5.220866551961299e-06
senorics.pdf;germany;0.9999860098263267;4.351406665128544e-06;7.703441345121525e-06;0.9999860098263267;1.9353256630419056e-06
senseven.pdf;other;0.9999819184282581;6.1123208686941975e-06;5.536198097400404e-07;1.1415631063335492e-05;0.9999819184282581
sereema.pdf;france;0.9999964409671753;4.383244450999392e-07;0.9999964409671753;3.0150759590626274e-06;1.0563242063335127e-07
sesam.pdf;france;0.9999869830628318;5.635905801827667e-06;0.9999869830628318;6.311728542982561e-06;1.0693028234476917e-06
shayp.pdf;benelux;0.9999610425990056;0.9999610425990056;3.379715945018035e-05;4.193867937264747e-06;9.66373606945491e-07
sironatechnologies.pdf;benelux;0.9999856038031906;0.9999856038031906;7.4002174135417515e-06;5.185432200150206e-06;1.810547195657888e-06
skydrone.pdf;france;0.9999959862015209;3.4235992780681906e-07;0.9999959862015209;4.407819580798947e-08;3.6273603555614567e-06
sogilis.pdf;france;0.9999671674222333;2.4202654682513933e-05;0.9999671674222333;7.487297588343211e-06;1.1426254959344528e-06
soluterials.pdf;germany;0.999993304219163;3.317065858597692e-06;5.931147916905659e-07;0.999993304219163;2.7856001868446673e-06
soomiq.pdf;germany;0.9999870144782488;6.42792257718758e-07;1.0807049408542706e-05;0.9999870144782488;1.5356800849525742e-06
spark2.pdf;france;0.9999746156871852;3.604963637818834e-07;0.9999746156871852;1.7751167344754234e-05;7.272649106338018e-06
spotlight.pdf;france;0.9999961659329765;1.4031565843842624e-06;0.9999961659329765;2.48987022410945e-07;2.181923416760424e-06
spreeinteractive.pdf;germany;0.9999858057678199;8.247188625159714e-06;4.06260805495126e-06;0.9999858057678199;1.884435500073541e-06
squairtech.pdf;france;0.9999545797053989;2.900860767347755e-05;0.9999545797053989;7.281349537935258e-06;9.130337389700075e-06
staaq.pdf;france;0.999986175888073;5.164472058191536e-06;0.999986175888073;2.9255829183743653e-06;5.734056950517425e-06
stabilogreen.pdf;benelux;0.9999741468694779;0.9999741468694779;2.563805302149081e-05;1.3384942337561014e-07;8.122807726481674e-08
starcopter.pdf;germany;0.9999877934555971;3.3431390576231273e-06;6.970257193933931e-06;0.9999877934555971;1.8931481514074097e-06
stargate.pdf;other;0.9999608324351296;1.817795334878761e-05;9.440988533886178e-06;1.1548622987881951e-05;0.9999608324351296
storh.pdf;other;0.999985895563924;9.667890174614192e-07;1.275897276838519e-05;3.786742901846997e-07;0.999985895563924
sublimeenergie.pdf;france;0.9999989501656769;4.5779711458146334e-07;0.9999989501656769;2.8353863767923677e-07;3.084985707249403e-07
sunlion.pdf;benelux;0.9999819407939402;0.9999819407939402;1.772688398543082e-05;6.75770785971254e-08;2.6474499581360536e-07
sunmaxx.pdf;germany;0.9999908976047336;9.797500528234132e-07;6.243971404691373e-06;0.9999908976047336;1.8786738089774415e-06
sunmaxx2.pdf;germany;0.9999861257819577;1.821164304587298e-06;7.73029956293538e-06;0.9999861257819577;4.322754174717262e-06
supairvision.pdf;france;0.999682547119689;9.890340215127526e-05;0.999682547119689;3.6612742861402716e-05;0.0001819367352983778
swanh.pdf;france;0.9999828225628101;4.886585757559544e-06;0.9999828225628101;2.9210363697451757e-06;9.369815062650435e-06
swoopenergy.pdf;france;0.9999622146239582;6.851396085002918e-06;0.9999622146239582;3.0261268548573332e-06;2.7907853101879075e-05
sylfen.pdf;france;0.9999846511380434;3.3554116254647446e-07;0.9999846511380434;9.75853430646699e-06;5.254786487666148e-06
teeptrak2.pdf;france;0.999984647467183;1.5071384347137894e-05;0.999984647467183;2.0947066072438869e-07;7.167780929356437e-08
terakalis.pdf;france;0.9999925667944183;6.498497312116454e-06;0.9999925667944183;1.7622873106666368e-07;7.584795385243067e-07
teratonics.pdf;france;0.9999916104914622;1.128665327603055e-06;0.9999916104914622;3.45562331149293e-06;3.80521989857175e-06
theyeq.pdf;france;0.9999831751686056;1.4941328879148654e-05;0.9999831751686056;6.609306985384024e-07;1.2225718166150586e-06
threedy.pdf;germany;0.9999736448988261;1.0056915416759195e-05;1.5526464585675245e-05;0.9999736448988261;7.717211714859187e-07
tiamat.pdf;france;0.999998300227551;6.627757895598828e-07;0.999998300227551;9.83827798275087e-07;5.3168861105409885e-08
tihive.pdf;france;0.9999523246802632;1.9805666910125836e-05;0.9999523246802632;2.0330147709184416e-05;7.5395051173565045e-06
torwash.pdf;benelux;0.9999595860261851;0.9999595860261851;1.972990442397679e-05;7.72186339040048e-06;1.2962206000607415e-05
tozero.pdf;germany;0.9999936132967386;2.0744942770120153e-06;3.5332801599602828e-06;0.9999936132967386;7.789288244550649e-07
tractonomy.pdf;benelux;0.9999893591202048;0.9999893591202048;5.508801392184561e-06;1.472777850795129e-06;3.659300552129936e-06
turbit.pdf;germany;0.9999919883706846;2.5472601103602347e-06;2.7586178214277117e-06;0.9999919883706846;2.705751383623509e-06
turbulent.pdf;benelux;0.9999927606774256;0.9999927606774256;1.05371259595333e-06;3.1952028471515602e-06;2.9904071312276116e-06
twikit.pdf;benelux;0.9999851581616607;0.9999851581616607;1.3473867653059675e-06;1.9549140180782963e-06;1.1539537556031878e-05
twinsity.pdf;germany;0.9999853750720976;4.118037764151087e-06;1.426827934898632e-06;0.9999853750720976;9.080062203375036e-06
uavia.pdf;france;0.999979264959081;1.2520501293587826e-05;0.999979264959081;1.1190458918738747e-06;7.0954937336175795e-06
uware.pdf;benelux;0.9999956931119054;0.9999956931119054;5.384958635685817e-07;2.0559031688887092e-06;1.7124890622591589e-06
uware2.pdf;benelux;0.9999956931119054;0.9999956931119054;5.384958635685817e-07;2.0559031688887092e-06;1.7124890622591589e-06
uze.pdf;benelux;0.9999832716872187;0.9999832716872187;3.6777282256546715e-06;5.573345968140171e-06;7.477238587412148e-06
v2i.pdf;benelux;0.9999771780597216;0.9999771780597216;2.2719056378781577e-05;5.162398298891903e-09;9.772150111830715e-08
variolytics.pdf;germany;0.9999914896455684;7.126802104740086e-06;4.813292438517392e-07;0.9999914896455684;9.022230829354407e-07
vernaio.pdf;germany;0.9999915556729907;2.6754075392465905e-06;1.3766659022870132e-06;0.9999915556729907;4.392253567924743e-06
viridianlithium.pdf;france;0.9999951541996861;1.16797736542802e-06;0.9999951541996861;6.905485693113787e-07;2.9872743790473763e-06
visiontechnology.pdf;france;0.9999560966069547;5.613218243060223e-06;0.9999560966069547;3.012024678650393e-05;8.169928015632563e-06
visplore.pdf;other;0.9999811253713515;1.7427409401007704e-06;1.1182968451588504e-07;1.7020058023987107e-05;0.9999811253713515
vocsens.pdf;benelux;0.9999946861011613;0.9999946861011613;1.981786094190078e-06;2.780067169832869e-06;5.520455746858021e-07
voleatech.pdf;germany;0.9999843895119805;2.2721311906002546e-06;1.1320526551153794e-05;0.9999843895119805;2.0178302776896966e-06
vulkam.pdf;france;0.9999885510064346;6.8244969611524786e-06;0.9999885510064346;3.028499947907246e-06;1.5959966563052018e-06
wainvame.pdf;france;0.9999903257697572;8.844483395730874e-06;0.9999903257697572;2.969669149048358e-07;5.327799322079009e-07
waterhorizon.pdf;france;0.9999874734299068;4.157083189094281e-06;0.9999874734299068;9.704629089879216e-07;7.399023995025054e-06
