doc;predicted_country;confidence;proba_autres;proba_benelux;proba_france;proba_germany;proba_other
aircision.pdf;benelux;0.9999893147094632;1.2447635334816277e-06;0.9999893147094632;8.242354282137467e-07;6.327216248261117e-06;2.2890753269460357e-06
clhynn.pdf;france;0.9999927196211282;6.699065961492075e-09;7.058289641409535e-06;0.9999927196211282;4.681052477579676e-08;1.685796394891537e-07
altosolution.pdf;france;0.99997346378292;1.144779354493274e-07;5.510200821925571e-07;0.99997346378292;4.672854726618339e-07;2.540343358967513e-05
terakalis.pdf;france;0.9999956227121553;4.7598851931489686e-08;3.4153675790385885e-06;0.9999956227121553;6.588682728343837e-08;8.484345864386451e-07
qualitics.pdf;benelux;0.9999523847345329;1.3262341892450374e-08;0.9999523847345329;4.62066092939119e-05;1.607808684784736e-07;1.2346129629604405e-06
azteq2.pdf;benelux;0.9999942916435767;5.156145798505169e-08;0.9999942916435767;2.870803986525115e-06;3.629263826570225e-08;2.749698340615078e-06
ouat!.pdf;benelux;0.9999795730392521;7.076984716746751e-07;0.9999795730392521;1.4350084780665991e-05;2.782020638507921e-06;2.5871568570690256e-06
getyourway.pdf;benelux;0.9999464176309811;1.284476737761522e-06;0.9999464176309811;1.001094280784316e-05;2.2447536210583948e-06;4.0042195852268445e-05
spreeinteractive.pdf;germany;0.9999884140608182;5.933854128034018e-07;6.230219674047609e-06;1.7387101180413691e-06;0.9999884140608182;3.0236239768904623e-06
zeppsolutions.pdf;benelux;0.9999545677005298;8.92109212755617e-06;0.9999545677005298;1.2930297190250155e-05;1.7734415791168497e-05;5.846494361062209e-06
maymaan.pdf;other;0.9968566369175319;0.00020595144268907537;0.0015752096148436618;0.0003927219543195746;0.0009694800706158002;0.9968566369175319
dacma.pdf;germany;0.999984136195391;7.800339657222194e-07;1.1058065739459872e-05;2.9950834280412725e-06;0.999984136195391;1.0306214757873065e-06
biocide.pdf;other;0.9999591343777271;2.1248008558536705e-06;1.7496353696936627e-05;1.499874703703867e-05;6.245720683102805e-06;0.9999591343777271
flasc2.pdf;benelux;0.999985163134867;3.4748630532372193e-06;0.999985163134867;3.4431462901714785e-06;4.850688217981685e-06;3.0681675718088456e-06
amethyste.pdf;france;0.9999666177627773;2.2403216759706323e-06;1.0476671865881687e-05;0.9999666177627773;8.032855837155851e-06;1.2632387843685021e-05
hexana.pdf;france;0.9999792454259112;3.568071099771609e-07;5.7947279504356576e-06;0.9999792454259112;8.885361007784998e-06;5.7176780205782954e-06
pepps.pdf;benelux;0.9999779612465624;3.995486799701267e-07;0.9999779612465624;1.2128545687602765e-05;4.375874876254453e-06;5.134784193606384e-06
lancey.pdf;france;0.9999828753444903;1.2036642572845491e-06;6.341112312076693e-06;0.9999828753444903;5.102422130244139e-06;4.47745681019283e-06
holy.pdf;germany;0.9999913732116331;3.864146365808662e-07;6.161911506446408e-06;1.8214787944916506e-07;0.9999913732116331;1.8963143444085923e-06
hannaprodigy.pdf;other;0.9999675054332683;1.356397499106858e-05;1.045701139677249e-05;2.7410635896273137e-06;5.732516754351547e-06;0.9999675054332683
chemicalnewtech.pdf;other;0.9999871971430955;9.59348924511016e-07;4.2878371678551675e-06;2.4868989531909316e-06;5.068771858982631e-06;0.9999871971430955
followinspiration.pdf;other;0.9999841565984077;3.891940992135676e-06;6.87267898760878e-06;4.545930615004628e-06;5.328509976146223e-07;0.9999841565984077
nature2need.pdf;germany;0.9998504871456328;7.643567261947156e-07;3.847802062537983e-05;7.655995099139454e-05;0.9998504871456328;3.371052602417903e-05
dronematrix.pdf;benelux;0.9999987542896281;8.459803479305569e-08;0.9999987542896281;7.564886247581719e-07;6.443093242504188e-08;3.4019277952044076e-07
packwise.pdf;germany;0.9999930421289865;2.6696959638427795e-06;2.3845858991383076e-06;7.284837473118882e-07;0.9999930421289865;1.1751054029985312e-06
bloom.pdf;other;0.9999474184285865;4.538316502297997e-06;1.3003435079111804e-05;1.3793465007868376e-05;2.1246354824304974e-05;0.9999474184285865
stargate.pdf;other;0.9999868674657183;9.639624224381029e-07;6.947846452005747e-06;3.5527336607762667e-06;1.6679917464483454e-06;0.9999868674657183
ridergy.pdf;germany;0.9999548182471367;1.0303612716033178e-06;3.967397935268272e-05;5.300672819714024e-07;0.9999548182471367;3.9473449569025165e-06
aerleum.pdf;france;0.9998617107609536;1.579324265002689e-05;1.0598082523632887e-05;0.9998617107609536;8.638547614184434e-06;0.00010325936625858075
infiniciag.pdf;germany;0.9999813464117903;2.001975631191658e-06;8.46294268546846e-06;3.861493839054727e-06;0.9999813464117903;4.327176053986248e-06
sunlion.pdf;benelux;0.9999231894905585;1.8254155790680846e-07;0.9999231894905585;7.542035796697115e-05;1.8011991428204964e-07;1.027490002418337e-06
airbooster.pdf;france;0.9999825111394478;1.3033460248101546e-06;4.977669977351923e-06;0.9999825111394478;2.6111540783953075e-06;8.596690471654596e-06
bulane.pdf;france;0.9999959691413709;1.7902856167450872e-07;1.6683914498308692e-06;0.9999959691413709;1.8353347295270467e-07;1.999905144707608e-06
azteq.pdf;benelux;0.9999779258218869;4.038695225738426e-07;0.9999779258218869;1.3008950588612665e-06;1.9623958615894833e-05;7.454549159131577e-07
aquilae.pdf;france;0.9999924577900852;6.838202804351117e-07;4.187090141551627e-06;0.9999924577900852;8.103776745317999e-07;1.8609218186038407e-06
v2i.pdf;benelux;0.9999822207968402;4.534175374941796e-08;0.9999822207968402;1.766279547107193e-05;2.3177263336968746e-08;4.788867177806834e-08
vernaio.pdf;germany;0.9999929523781735;7.588273954847786e-07;2.2499894941798648e-06;5.935101179974546e-07;0.9999929523781735;3.445294818793922e-06
mecawareA.pdf;france;0.9999970327738037;2.3704675713842206e-07;2.2066500182866014e-06;0.9999970327738037;2.473152797431223e-07;2.762141410440509e-07
aiblox.pdf;benelux;0.999975113760408;4.902816245025213e-07;0.999975113760408;6.710843268776997e-06;1.1278631538133803e-05;6.4064831606780764e-06
forecastyai.pdf;germany;0.9999821495654385;5.720045814197849e-07;1.1637866205379462e-05;1.1351418907201494e-06;0.9999821495654385;4.505421883734667e-06
condugo.pdf;benelux;0.9999905432394309;2.4371594294020073e-08;0.9999905432394309;9.28423736411908e-06;7.317023433037338e-08;7.498137633726594e-08
brighterbins.pdf;benelux;0.9999956784478671;9.56433106151244e-09;0.9999956784478671;1.5533015230989222e-07;1.926705639118125e-08;4.137390593183498e-06
flasc.pdf;benelux;0.9999895532909742;8.483442445858699e-07;0.9999895532909742;1.6657972043831143e-06;7.880723553330013e-07;7.144495221637372e-06
ipsumtek.pdf;france;0.9999949442186244;2.4773836328362455e-07;1.343303761815629e-06;0.9999949442186244;1.2403923148759975e-06;2.2243469354814393e-06
waterhorizon.pdf;france;0.9999804027004593;1.4917298659982352e-06;4.7287675298001215e-06;0.9999804027004593;5.00789047526803e-07;1.2876013097208243e-05
ysenergiesmarines.pdf;france;0.9999981407125113;1.7176260077095236e-08;1.4783651109947552e-06;0.9999981407125113;3.423273990829211e-07;2.1418718715925837e-08
dessia.pdf;other;0.9096427998089006;0.001473704955949825;0.04315679947146731;0.04372323334021561;0.0020034624234666976;0.9096427998089006
latencetech.pdf;other;0.9999908081461354;1.5268055006645635e-07;1.6859530147397343e-06;6.983461080508532e-06;3.6975921929082857e-07;0.9999908081461354
blixt.pdf;other;0.9999792156523332;4.565398768132065e-07;1.6099676210452802e-05;1.9503456730189767e-06;2.277785906624037e-06;0.9999792156523332
coldpad2.pdf;france;0.9999997776493007;1.2375481249363887e-08;1.2580614366325604e-07;0.9999997776493007;3.692663854924048e-08;4.7242435632955286e-08
twinsity.pdf;germany;0.9999698708841136;3.929911556509174e-06;5.198932777259314e-06;1.1875262953905968e-06;0.9999698708841136;1.98127452572296e-05
iqrypto.pdf;benelux;0.9999928557465441;7.896410698673688e-08;0.9999928557465441;3.4984232064944207e-06;1.6973886141670668e-07;3.39712728136856e-06
starcopter.pdf;germany;0.9999748735152627;7.088310711428186e-07;2.4118386518067485e-06;2.0194465155671725e-05;0.9999748735152627;1.811349858665427e-06
latannerievegetale.pdf;france;0.9999474944635752;6.187454436605367e-06;3.160697416139677e-05;0.9999474944635752;1.266189097679249e-05;2.049216850143097e-06
spark2.pdf;france;0.9999683903833657;1.1784559807515936e-07;1.1323760839241095e-07;0.9999683903833657;2.5577341256842276e-05;5.801192170879311e-06
mirsense.pdf;france;0.9999507439284254;3.054452405853895e-06;1.876551209560748e-05;0.9999507439284254;1.4294674783469512e-05;1.3141432289620248e-05
novali3.pdf;benelux;0.9999872103641818;8.12299355503401e-08;0.9999872103641818;7.069330410503299e-07;2.7109860626107343e-08;1.1974362981049495e-05
uware.pdf;benelux;0.9999905192770921;7.82370247293933e-08;0.9999905192770921;2.7608210667275647e-06;7.076442733117412e-07;5.934020543219084e-06
litherm.pdf;germany;0.9999877714197231;1.9686187410160555e-07;1.4607816107257696e-06;8.926728035541566e-06;0.9999877714197231;1.644208756671828e-06
chemalive.pdf;other;0.9999951555663066;1.9486059570400188e-07;3.9228743552247776e-06;1.72692069943342e-07;5.540066725586701e-07;0.9999951555663066
everysens.pdf;france;0.99999183521485;7.176663022701496e-08;3.781487044080466e-06;0.99999183521485;4.2414530330927825e-06;7.007844231622821e-08
bluepowersynergy.pdf;benelux;0.9999879470150816;7.105173550968453e-06;0.9999879470150816;3.135884983213136e-06;5.83461365485333e-07;1.2284650186965433e-06
swoopenergy.pdf;france;0.9999514343228203;5.442091325038495e-06;4.721871791639137e-06;0.9999514343228203;1.923276373499202e-06;3.647843768950213e-05
sylfen.pdf;france;0.9999809244235486;5.4754251579144304e-08;4.63852449674454e-07;0.9999809244235486;1.8522262267377273e-05;3.4707482942400634e-08
elekey.pdf;germany;0.9942848900983247;1.1586471142348256e-05;0.0051219610351811344;0.0003130162767440167;0.9942848900983247;0.0002685461186078045
tihive.pdf;france;0.9999489904989717;1.4495221454167589e-06;2.3369135005313877e-05;0.9999489904989717;1.8892646542807134e-05;7.298197334758398e-06
echemicles.pdf;other;0.9999787222759209;7.67437190447425e-07;1.3133309501676937e-05;3.333455387873475e-06;4.04352199909744e-06;0.9999787222759209
comppair.pdf;other;0.9999816602869934;1.856764393414813e-06;5.393256534984588e-06;4.553030746439219e-06;6.536661331734974e-06;0.9999816602869934
pydro.pdf;germany;0.9999778477746658;1.588690550986326e-06;7.700994431737003e-06;4.57138588127403e-06;0.9999778477746658;8.291154470150188e-06
sunmaxx.pdf;germany;0.999991848771187;1.1297635045092656e-06;1.5507689129915242e-06;4.290234137827212e-06;0.999991848771187;1.1804622576478493e-06
postura.pdf;other;0.9999427666521425;1.0069483583851081e-06;4.159635717236672e-06;5.104724723045122e-05;1.0195165513496318e-06;0.9999427666521425
senorics.pdf;germany;0.9999887102581141;1.8568490276535157e-07;6.411444480708338e-06;2.4096610142489546e-06;0.9999887102581141;2.282951488052501e-06
wattalps.pdf;france;0.9999732345658827;7.233502591694463e-07;1.3942325917515205e-05;0.9999732345658827;8.537966912846158e-06;3.5617910278108503e-06
mecabotix.pdf;france;0.9999770300386186;3.423274742077214e-07;1.5388042784288555e-05;0.9999770300386186;6.639956225066312e-07;6.575595500381393e-06
uware2.pdf;benelux;0.9999905192770921;7.82370247293933e-08;0.9999905192770921;2.7608210667275647e-06;7.076442733117412e-07;5.934020543219084e-06
covess.pdf;benelux;0.9999727101076615;3.803437654024858e-06;0.9999727101076615;2.0299899365207697e-05;6.65517997914403e-07;2.5210373213616897e-06
anisoprint.pdf;benelux;0.9999841945898361;9.618037623900372e-07;0.9999841945898361;5.803696312560504e-06;1.4679375439530235e-06;7.571972545299248e-06
leviathandynamics2.pdf;france;0.9999936120934885;2.7754571511987085e-07;6.024547481280909e-07;0.9999936120934885;2.5126764089449212e-06;2.995229639205977e-06
storh.pdf;other;0.9999817292835522;1.7577405160861199e-06;1.1186218786202756e-06;1.1217722575157917e-05;4.176631477923365e-06;0.9999817292835522
kooping.pdf;france;0.9999918344579892;2.949754167394905e-07;7.1327688539899055e-06;0.9999918344579892;2.892258677315992e-07;4.4857187254050884e-07
variolytics.pdf;germany;0.999986564596665;1.9074621716682976e-07;1.1687457368531679e-05;4.5309699612557646e-07;0.999986564596665;1.1041027531414597e-06
graphmatech.pdf;other;0.6076687723885948;0.0008806055526213342;0.11360780647944148;0.06711329160387718;0.21072952397546524;0.6076687723885948
rein4ced.pdf;benelux;0.9999842627139535;2.0654735792760516e-08;0.9999842627139535;1.1312496613834558e-07;1.3762626241750058e-05;1.8408801029795956e-06
roth2.pdf;france;0.9999967560753683;1.1251805988035021e-07;1.4334367218292656e-06;0.9999967560753683;1.6052042985043785e-06;9.276555151832275e-08
dionymer.pdf;france;0.9999977917764006;4.788480862952733e-07;3.2630933777063396e-07;0.9999977917764006;1.1125036825644259e-06;2.9056249287094454e-07
lithcote.pdf;benelux;0.9999942598475106;8.093905561537437e-08;0.9999942598475106;4.3999906311482865e-06;3.7174602856172284e-07;8.874767742246157e-07
bonidriver.pdf;germany;0.9999758550376828;1.1139642549155306e-06;1.0521513310467558e-05;9.741915235158392e-07;0.9999758550376828;1.153529322824811e-05
bianergy2.pdf;benelux;0.9999758774884726;1.072370417129762e-05;0.9999758774884726;1.3681722127516355e-06;3.521129610434195e-06;8.509505532834404e-06
internest.pdf;france;0.9999577726016347;1.405633566928988e-07;5.314175932011093e-06;0.9999577726016347;6.178012924340758e-08;3.671087894749511e-05
voleatech.pdf;germany;0.9999590450992962;9.614290422933937e-07;7.372118504567512e-06;2.850277964859806e-05;0.9999590450992962;4.118573508508919e-06
effitrax.pdf;benelux;0.999992640122082;1.6942597600570965e-08;0.999992640122082;6.964318902613388e-06;2.603330000651849e-07;1.1828341775812868e-07
avoxt.pdf;benelux;0.9999482256004044;2.5440736889378575e-06;0.9999482256004044;1.7559384757604712e-06;2.470665019798784e-05;2.27677372326889e-05
alberts.pdf;benelux;0.9999793299259722;1.0623692707107573e-06;0.9999793299259722;1.1982202097429222e-05;6.427864048381534e-06;1.1976386114537098e-06
sereema.pdf;france;0.9999975340564566;2.492247158555314e-08;6.863703895095799e-08;0.9999975340564566;2.3463198834614997e-06;2.6064149477742688e-08
inflights.pdf;benelux;0.9999680867259328;8.472274833520611e-07;0.9999680867259328;2.4037507469819646e-05;1.18732151186988e-06;5.8412176019804905e-06
qcoat.pdf;germany;0.9999804837880828;3.6284116600669313e-07;1.2128140518382396e-06;6.456751706636704e-06;0.9999804837880828;1.1483804992717331e-05
waterstuffsun.pdf;germany;0.9999764566177605;7.693344507043727e-07;7.4932182100862156e-06;5.656373663577263e-06;0.9999764566177605;9.624455915263861e-06
borealesenergy.pdf;france;0.999987951522941;2.1637993910401988e-07;7.848054511479217e-06;0.999987951522941;1.6513257812545715e-06;2.332716827147066e-06
senseven.pdf;other;0.9999758633561407;1.1019895769319519e-07;8.657030973477957e-06;1.4751920736057484e-06;1.3894221854504412e-05;0.9999758633561407
diamfab.pdf;france;0.9999911660601402;1.8906814318962287e-06;3.5406998605249992e-06;0.9999911660601402;1.479328414039618e-06;1.9232301533475885e-06
comsens.pdf;benelux;0.9999687012047676;1.8298273004172221e-07;0.9999687012047676;9.867368267635993e-06;1.983860413130496e-05;1.4098401034062147e-06
otiv.pdf;benelux;0.9999936855672762;3.6719384230674166e-07;0.9999936855672762;2.9804817593344612e-06;1.129136213145667e-06;1.8376209089916389e-06
akvola.pdf;germany;0.9999823216064425;7.008222279510588e-07;1.2289040826403758e-05;4.060922542813343e-07;0.9999823216064425;4.282438248745626e-06
cilkoa.pdf;france;0.9999614630151534;4.190085184695785e-06;1.3000171466355668e-05;0.9999614630151534;1.0531226828710277e-05;1.0815501366570277e-05
uavia.pdf;france;0.9999641814442869;7.12523089571104e-06;8.999317707317954e-06;0.9999641814442869;2.3848075736317306e-06;1.7309199536491456e-05
akryvia.pdf;france;0.9999728855267567;6.039286354822606e-06;2.8790074446282746e-06;0.9999728855267567;8.995221122047201e-06;9.200958321691804e-06
torwash.pdf;benelux;0.9999638031509347;4.997172289669856e-07;0.9999638031509347;1.9825103673402817e-05;6.570589936340126e-06;9.301438226524362e-06
uze.pdf;benelux;0.9999874437256676;2.6545154807041077e-07;0.9999874437256676;2.1699839511217977e-06;2.0520434151241658e-06;8.068795418116946e-06
sogilis.pdf;france;0.999945101445145;3.4058489425404116e-06;3.6859544138833696e-05;0.999945101445145;8.73814228814965e-06;5.895019485609819e-06
carbodown.pdf;france;0.9999928555308273;5.7872843021530186e-08;3.466372648109446e-06;0.9999928555308273;4.2560317951437155e-07;3.194620502039949e-06
alouette.pdf;france;0.9999710071467048;1.40981884300709e-06;2.3928730376138687e-05;0.9999710071467048;2.947904348883623e-06;7.063997268968061e-07
hiqutediamond.pdf;france;0.9999952868630444;3.6048494741597983e-08;2.836177442684543e-06;0.9999952868630444;1.3289160983159122e-06;5.119949198461407e-07
exomatter.pdf;germany;0.9999824292290017;9.906384867930913e-07;1.3015416281100163e-05;1.298674763904914e-06;0.9999824292290017;2.266041466497376e-06
holosolis.pdf;france;0.9999966550044508;2.6477324760981653e-08;1.7490243887847805e-06;0.9999966550044508;1.5056759708392577e-06;6.381786464061215e-08
stabilogreen.pdf;benelux;0.999976712262955;3.2568840592477915e-08;0.999976712262955;2.2811462319657664e-05;1.7386974706388298e-07;2.698361374616802e-07
epsiline.pdf;france;0.9999965415159069;1.512058677720917e-08;2.9922662672682408e-06;0.9999965415159069;1.2549516685584608e-07;3.2560207227784587e-07
senodis.pdf;germany;0.9999870785300852;2.2329621257268987e-07;3.856586205111219e-06;6.755636222424255e-07;0.9999870785300852;8.166023874959285e-06
roav7.pdf;france;0.999995374508092;3.6406733322490585e-07;7.699574545123883e-07;0.999995374508092;3.4937840288149707e-07;3.142088717294083e-06
ecop.pdf;autres;0.8979043353770302;0.8979043353770302;2.098949874608025e-06;2.138309974254348e-06;5.12566022566353e-06;0.10208630170289537
mobito.pdf;benelux;0.9999666499540062;1.2407449496763727e-06;0.9999666499540062;9.243983443064944e-06;1.3934985855387838e-06;2.1471819015636583e-05
mitis.pdf;benelux;0.9999699791558843;1.3112049412438805e-07;0.9999699791558843;2.590137943089019e-05;4.0527789891177044e-07;3.5830662919155417e-06
actblade.pdf;other;0.9999617531427611;1.9485773407069398e-07;6.623802927380792e-06;8.828507875509258e-06;2.2599688701787577e-05;0.9999617531427611
aloxy.pdf;benelux;0.9999407620044768;1.3010690993093135e-06;0.9999407620044768;1.4459512298114005e-05;7.0419200725062846e-06;3.643549405330308e-05
cixten.pdf;france;0.9999861454067251;4.996109777756435e-08;5.471560131970025e-06;0.9999861454067251;5.354653049953707e-06;2.9784189950051827e-06
ollow.pdf;france;0.9999998457959667;6.404288519065371e-09;1.1013883399321912e-08;0.9999998457959667;1.1439519643462656e-07;2.2390665074386924e-08
sironatechnologies.pdf;benelux;0.9999845271557642;1.1692017585341722e-06;0.9999845271557642;1.0973250827002126e-05;2.4642249849879602e-06;8.66166665157553e-07
dropslab.pdf;benelux;0.9999891636438376;2.431141796390896e-07;0.9999891636438376;1.1062813854556246e-06;2.1190243095004456e-06;7.367936287751224e-06
visplore.pdf;other;0.9999605453550947;2.5943847885496185e-07;6.768369368283022e-06;1.7531601157420035e-07;3.225152104650096e-05;0.9999605453550947
hevatech.pdf;france;0.9999971076875864;2.7050072278452315e-08;2.9323337171300993e-07;0.9999971076875864;2.4203698960914806e-06;1.5165907340704875e-07
teeptrak2.pdf;france;0.999967468334815;2.482791119491431e-07;3.16902161296223e-05;0.999967468334815;8.790890264907179e-08;5.05261040730522e-07
grownbio.pdf;benelux;0.9999747943479103;6.446910206436784e-07;0.9999747943479103;6.556496406592756e-06;1.3401323463104147e-05;4.603141199340807e-06
voltr.pdf;france;0.9999941244175973;2.1892907762809053e-08;2.959315872504493e-06;0.9999941244175973;2.610228508992629e-06;2.8414511355018794e-07
nexwafe.pdf;germany;0.9999897475358337;1.64116426184371e-07;2.421233108458926e-06;5.1655243028610905e-06;0.9999897475358337;2.5015903287553696e-06
otiv2.pdf;benelux;0.9999690073418438;8.430463689812886e-06;0.9999690073418438;1.5508653449327855e-05;4.556689767747568e-06;2.4968512494145488e-06
maana.pdf;benelux;0.9999823313073178;5.328186510529067e-07;0.9999823313073178;4.283034584173005e-06;1.5295709797476032e-07;1.2699882348881469e-05
huskk.pdf;benelux;0.999968472486895;9.620193491368905e-07;0.999968472486895;4.2437549593414285e-06;2.5335684076022462e-05;9.860547203739784e-07
wizata.pdf;benelux;0.9999745054845938;5.228968643457717e-07;0.9999745054845938;1.6512396943557868e-05;4.6016667859305535e-07;7.99905491955339e-06
effectsphotonics.pdf;benelux;0.9999876954260485;1.2425104720568705e-06;0.9999876954260485;2.9421093518974034e-06;7.540877192078859e-06;5.790769355648133e-07
fountainfuel.pdf;benelux;0.9999877026706427;1.365125444207851e-06;0.9999877026706427;2.487737189622439e-06;6.695952649518411e-06;1.7485140741102914e-06
dryad.pdf;benelux;0.9999537539272515;8.439057525475484e-07;0.9999537539272515;3.3473002542729384e-07;3.126362718938812e-05;1.380380978107681e-05
cybus.pdf;germany;0.9999816456982363;9.013564059921736e-07;8.101055198593611e-06;5.89005244934012e-07;0.9999816456982363;8.76288491411657e-06
replace.pdf;france;0.9999724065564801;1.345527363586605e-07;1.4840563152747793e-05;0.9999724065564801;1.1724412435583243e-05;8.939151952444271e-07
magreesource.pdf;france;0.9999981794879169;3.1359672347231686e-08;8.296200099631509e-07;0.9999981794879169;8.671018114935365e-07;9.24305894521536e-08
myjiminy.pdf;france;0.999994244386252;1.6078337341393901e-07;2.96783282738982e-06;0.999994244386252;1.7539955153984705e-06;8.730020318958385e-07
appsilon.pdf;benelux;0.9999654383696455;6.79723176108352e-07;0.9999654383696455;5.336697505103842e-06;5.513773182284977e-06;2.303143649116683e-05
elugie.pdf;benelux;0.9999849786344042;1.0495417131890161e-06;0.9999849786344042;8.99804992000485e-06;7.336205013378376e-07;4.240153461426285e-06
askforthemoon.pdf;france;0.9999992166973908;3.47449158575788e-08;3.889763485887916e-07;0.9999992166973908;2.5367756201255417e-07;1.0590378267124973e-07
hysilabs.pdf;france;0.9999872521327544;6.101367140479214e-07;5.086696708257112e-06;0.9999872521327544;1.1105382294728143e-06;5.9404955936296865e-06
zensor.pdf;benelux;0.9999672808670093;2.1328668287334428e-06;0.9999672808670093;2.3047073306156463e-06;1.7288699651910624e-05;1.099285917960883e-05
entras.pdf;benelux;0.9999859242450878;3.888247306035833e-08;0.9999859242450878;4.711277298656343e-06;4.4695448172133985e-06;4.856050323185323e-06
intelligentfluids.pdf;germany;0.999977749088757;3.853561285922588e-07;2.3399042662865032e-06;1.2758683713470714e-05;0.999977749088757;6.766967134456606e-06
metaliq.pdf;germany;0.9999981787101462;1.1618925354821128e-07;2.483386671584675e-07;2.5509827017029086e-07;0.9999981787101462;1.2016636630049317e-06
mcve3.pdf;france;0.9999929503387568;8.620581177044539e-07;4.2677633002986675e-06;0.9999929503387568;9.23312811928185e-07;9.965270132517604e-07
arkcapturesolutions.pdf;benelux;0.999956824209688;1.1645503752042807e-05;0.999956824209688;1.0557231319391592e-05;1.711124802346342e-05;3.861807217109633e-06
imsystems.pdf;benelux;0.9999568073016742;2.7926024700310417e-06;0.9999568073016742;2.1776621546766444e-05;8.05620428695831e-06;1.0567270022223694e-05
purenat2.pdf;france;0.999940659590911;7.319683608615431e-06;2.8159349468529445e-05;0.999940659590911;4.102608759443178e-06;1.9758767252333644e-05
ehgroup.pdf;other;0.9999748068703601;3.2900432907564145e-07;1.174784505432087e-05;1.0549230275402078e-05;2.5670499809481367e-06;0.9999748068703601
carbyon2.pdf;other;0.9999793193532559;5.6504052659213085e-06;1.321851142538054e-05;1.4259548925214778e-06;3.857751602185347e-07;0.9999793193532559
swanh.pdf;france;0.999965633474074;1.2329654574087987e-06;8.75470305464174e-06;0.999965633474074;1.1590417300573217e-05;1.2788440113399238e-05
viridianlithium.pdf;france;0.999996920115904;3.611393564540691e-07;1.4784610647975092e-06;0.999996920115904;2.7062877630537945e-07;9.696548984433407e-07
yazzoom.pdf;benelux;0.999992516871951;6.139340575675458e-07;0.999992516871951;2.2251584523049674e-06;3.7975343356289527e-06;8.465012036164558e-07
wayout.pdf;other;0.9999934130833599;5.09139672630549e-07;8.15526084211515e-07;2.065242507822306e-06;3.197008375418855e-06;0.9999934130833599
sakowin.pdf;france;0.9999768349804332;8.865902528512706e-07;1.3599977099990646e-05;0.9999768349804332;2.688253799505479e-06;5.990198414534157e-06
edgetech.pdf;france;0.9999969758207258;2.672707702466799e-08;2.578449159302088e-07;0.9999969758207258;2.0080154914384446e-06;7.315917898792853e-07
nexxoil.pdf;germany;0.9999809944447602;7.990870912607733e-07;5.446710013725993e-06;7.692741280819351e-06;0.9999809944447602;5.067016854017917e-06
komugi.pdf;france;0.9999515376186546;1.4898087906630525e-06;2.1696688725885134e-05;0.9999515376186546;2.7350753116329274e-06;2.254080851703976e-05
sunmaxx2.pdf;germany;0.9999832962882053;3.7141218264083837e-06;1.2985462392088276e-06;6.6411937682439195e-06;0.9999832962882053;5.049849960889705e-06
tiamat.pdf;france;0.9999901945829023;7.679938887192237e-07;1.1406560016122605e-06;0.9999901945829023;6.8620020985642776e-06;1.034765108854348e-06
ineratec.pdf;germany;0.9999953251206631;1.6894572210358515e-07;4.170187288645236e-06;2.8936650256532225e-07;0.9999953251206631;4.637982375080777e-08
lichens.pdf;france;0.9999926406388983;2.345530713775828e-08;6.879516916972387e-06;0.9999926406388983;5.293804577600925e-08;4.034508318426855e-07
companionenergy.pdf;benelux;0.9999941087429196;3.0285309551752655e-08;0.9999941087429196;1.1167298878089962e-06;7.90196246219452e-07;3.954045636736482e-06
kemiwatt.pdf;france;0.9999965371063687;1.4485370106158086e-08;3.355122720321801e-06;0.9999965371063687;6.759166023919351e-08;2.569388068521796e-08
novacarbon.pdf;france;0.9999970932168727;8.550957694231522e-08;1.3162177099670607e-06;0.9999970932168727;3.9938726141372317e-08;1.4651171143269511e-06
turbit.pdf;germany;0.9999920552311748;7.756628028083896e-07;1.2677485978059897e-06;2.3304993115774144e-06;0.9999920552311748;3.5708581128380443e-06
senergetics.pdf;benelux;0.9999750582862408;7.109603839070953e-07;0.9999750582862408;2.67615672571812e-06;4.63172165652997e-06;1.692287499329175e-05
enadyne.pdf;germany;0.9999911641992895;6.91783094044417e-07;6.934229007447215e-07;1.4311135229431865e-06;0.9999911641992895;6.019481192854131e-06
ananke.pdf;france;0.9999983275012395;3.987236169451808e-08;2.0398047903796978e-07;0.9999983275012395;1.3697907159491636e-06;5.885520379601883e-08
esnah.pdf;benelux;0.9999887734266812;8.127624194530697e-07;0.9999887734266812;1.786360583972413e-06;5.843768989632449e-07;8.043073416269674e-06
pozyx.pdf;benelux;0.9999973690065705;2.3554119157884548e-08;0.9999973690065705;4.80998458331582e-07;6.772235092764862e-07;1.4492173429035233e-06
novomof.pdf;other;0.999981112614568;7.398056312652728e-07;9.429876501471454e-06;1.610837705841943e-06;7.10686559341293e-06;0.999981112614568
phytonics.pdf;germany;0.9999524622329792;1.0390049994399304e-06;2.3273283535832855e-06;1.3058686401777018e-05;0.9999524622329792;3.111274726604702e-05
renewind.pdf;benelux;0.9999892053883751;1.71346152083824e-07;0.9999892053883751;4.611967997472261e-06;2.291673681086442e-06;3.719623794234942e-06
pathrobotics.pdf;other;0.9999900821783672;1.8877884342366444e-06;5.3324190266554216e-06;1.7589871822310061e-06;9.386269897523453e-07;0.9999900821783672
edock.pdf;benelux;0.9999993058008462;6.625342150655442e-08;0.9999993058008462;1.4248011350946893e-07;9.346086776281058e-08;3.9200475095413014e-07
eqon.pdf;other;0.9999667772192157;1.0007703233398364e-06;7.772488136880134e-06;2.2334174722137762e-05;2.1153476019351236e-06;0.9999667772192157
grandperspective.pdf;germany;0.9999892937554097;1.348004182086282e-06;4.627394758090658e-06;3.1983870611137037e-06;0.9999892937554097;1.5324585888610146e-06
nanoz.pdf;france;0.9999746776991628;1.326249977009417e-06;1.0999218941785626e-05;0.9999746776991628;4.772748368841299e-06;8.224083549549782e-06
shayp.pdf;benelux;0.9999699385329023;2.2252855911242804e-07;0.9999699385329023;2.238742212679189e-05;6.007484349169895e-06;1.4440320626444e-06
oghji.pdf;other;0.9998841900465976;5.743855863971991e-07;3.0503381872021874e-05;7.874285733775908e-05;5.9893286062025935e-06;0.9998841900465976
phoenixai.pdf;benelux;0.9999990297306471;4.430664091160903e-08;0.9999990297306471;1.0978362957163182e-07;6.618442397057606e-08;7.499946584792626e-07
electrochaea.pdf;germany;0.999978080907742;1.18583973219773e-06;9.221878924729423e-06;5.711033277151053e-06;0.999978080907742;5.800340324138072e-06
ghyga.pdf;france;0.9999978485887634;4.351902503282476e-08;1.4675472483345198e-06;0.9999978485887634;5.812727992185889e-07;5.907216390860865e-08
wiidetect.pdf;france;0.9999954687254219;2.410622980335966e-08;2.55535548441284e-06;0.9999954687254219;1.8624565205748897e-06;8.935634346822675e-08
batiprint3d.pdf;france;0.9999998431793646;7.619286463861421e-09;1.9316353037999535e-08;0.9999998431793646;1.660214658277486e-08;1.1328284926956387e-07
altransenergy.pdf;france;0.9999970008498217;4.623125910161348e-08;3.59522400516523e-07;0.9999970008498217;3.222309900686226e-07;2.2711655286779968e-06
nimesis.pdf;france;0.9999928863951584;1.76336703934084e-07;3.392184494659464e-06;0.9999928863951584;1.133504764539932e-07;3.4317331666668325e-06
ecellix.pdf;other;0.9999858200000605;6.954779762916348e-06;4.007726167722641e-06;1.2839984211024209e-06;1.933495587656739e-06;0.9999858200000605
saturnetechnology.pdf;benelux;0.9999451303562205;1.8291681918927908e-06;0.9999451303562205;9.776633710782598e-06;7.702515604559263e-06;3.55613262720734e-05
farwind.pdf;france;0.99999572624359;6.011571209018194e-08;9.903615082935731e-07;0.99999572624359;3.1395601558022448e-06;8.37190337730396e-08
deloq.pdf;benelux;0.9999821781889806;1.0726504658575128e-06;0.9999821781889806;2.137727999494683e-06;9.17824015170265e-06;5.433192402260576e-06
xeryon.pdf;benelux;0.9999705223410906;3.4592450804797633e-07;0.9999705223410906;4.301979521158963e-06;5.8547927971632345e-06;1.897496208318421e-05
brolz.pdf;benelux;0.9999638964965561;3.927936082495752e-08;0.9999638964965561;3.490796634590775e-05;1.0949776461882332e-07;1.0467599726199309e-06
ecobot.pdf;other;0.9999720151783964;2.8424473765415003e-07;5.570576546534371e-06;1.9944696876346323e-05;2.1853034431303588e-06;0.9999720151783964
matvision.pdf;benelux;0.9999936847966884;8.20068656972358e-09;0.9999936847966884;6.013288410089414e-06;2.8854617914240385e-07;5.168035770281717e-09
vulkam.pdf;france;0.9999560139003578;4.0238462399204995e-06;7.913912775119467e-06;0.9999560139003578;5.361567687372203e-06;2.668677293956641e-05
istya.pdf;france;0.9999727736734256;5.897961457312914e-08;1.9378344410781256e-05;0.9999727736734256;2.847397733705392e-07;7.504262775504343e-06
genesink.pdf;france;0.9997598611935483;5.654314940648849e-06;7.688211786510775e-06;0.9997598611935483;7.648310056550864e-05;0.0001503131791589148
moiz.pdf;france;0.9999948092157885;1.9054477229215025e-07;2.8683013238455514e-06;0.9999948092157885;1.0028257979086335e-06;1.1291123174126378e-06
actronika.pdf;france;0.9999655701774284;1.412200648271336e-06;1.553206459739882e-05;0.9999655701774284;7.587150596171489e-06;9.898406729654104e-06
cosmotech.pdf;france;0.9999256111200474;1.294547151053634e-06;1.923494566983057e-05;0.9999256111200474;5.670037550263037e-06;4.818934958147717e-05
sesam.pdf;france;0.9999846413310923;8.109376172522612e-08;3.5334580582961496e-06;0.9999846413310923;1.1286292372400712e-05;4.5782471502421245e-07
rejuice.pdf;benelux;0.9999956627884642;1.5775626609261406e-07;0.9999956627884642;6.059167818773741e-07;6.840435306322965e-07;2.8894949570844397e-06
nextind.pdf;other;0.9999776629769803;3.600950664501501e-07;3.961761061931589e-06;4.939239377500775e-06;1.3075927513769969e-05;0.9999776629769803
adlc.pdf;benelux;0.999998447535888;2.543123953890675e-08;0.999998447535888;1.028229806695599e-06;4.5414405054685605e-07;4.465901541317197e-08
teratonics.pdf;france;0.999974379052172;3.492602033299804e-07;1.1626478450210288e-05;0.999974379052172;1.2315641613327365e-05;1.3295675612164585e-06
beagle.pdf;other;0.9999835381103709;2.686544672606058e-07;5.505275309792209e-06;2.678946231584761e-07;1.042006522890904e-05;0.9999835381103709
angara.pdf;benelux;0.9999476964254493;3.858506337949237e-06;0.9999476964254493;1.137485961903704e-05;9.552880195938795e-06;2.7517328397704857e-05
muodim.pdf;france;0.9999927489876191;2.015317615635794e-07;1.8876987849434683e-06;0.9999927489876191;1.559115347953752e-07;5.0058702998225805e-06
hoeller.pdf;germany;0.9999888770951362;5.4524999420328086e-08;4.729483859349233e-06;9.127097304138082e-08;0.9999888770951362;6.247625031956975e-06
soomiq.pdf;germany;0.9999881066053377;5.6480919464567944e-08;8.119333446704471e-07;7.560291446356528e-06;0.9999881066053377;3.4646889518730164e-06
carbon8.pdf;other;0.9999699962795369;2.256346650310371e-06;1.3133676548526989e-05;1.1618348451723175e-06;1.345186241899875e-05;0.9999699962795369
cenzor.pdf;other;0.9999427666521425;1.0069483583851081e-06;4.159635717236672e-06;5.104724723045122e-05;1.0195165513496318e-06;0.9999427666521425
oppr.pdf;benelux;0.9999831159141618;7.309672388976021e-07;0.9999831159141618;7.211715859408484e-06;7.822635437159048e-06;1.1187673026868253e-06
mcve4.pdf;france;0.9999687215593226;1.9801813745983655e-07;2.6499070430347103e-05;0.9999687215593226;3.0311091195953462e-06;1.5502429901257108e-06
iqunet.pdf;benelux;0.9999843430987045;5.162234167329461e-07;0.9999843430987045;4.908932159197459e-06;2.640608484527886e-06;7.59113723489994e-06
heliac.pdf;other;0.999981269793712;1.0198829881045227e-06;9.457959808295772e-06;7.688825406595715e-06;5.635380848766251e-07;0.999981269793712
theyeq.pdf;france;0.9999880340703767;9.320697681760092e-08;5.8226047285050165e-06;0.9999880340703767;1.3218818759877681e-06;4.728236041862535e-06
zerow.pdf;other;0.9999803107116261;1.2746888084406734e-06;8.521171404716011e-06;8.049613098375247e-06;1.8438150624264506e-06;0.9999803107116261
fibersail2.pdf;other;0.9999617787939442;9.375090836764818e-07;3.4061950294360248e-06;3.2935396918688105e-05;9.421050240443561e-07;0.9999617787939442
mcve.pdf;france;0.999956414303362;5.716271890100199e-07;3.43599881306364e-05;0.999956414303362;2.322266711924658e-06;6.331814606504307e-06
obeia.pdf;france;0.9999993358906508;4.8745839070797036e-08;4.007515209734656e-07;0.9999993358906508;9.657172089691063e-08;1.1804026819800385e-07
cbrtp.pdf;other;0.9999744728213101;2.2616612901274673e-06;1.024793713722785e-05;1.1602677128906006e-05;1.4149031336577965e-06;0.9999744728213101
adlatusrobotics.pdf;germany;0.9999963108830262;5.538810569393036e-07;5.384980739588093e-07;4.508905236539832e-07;0.9999963108830262;2.1458473192229624e-06
flyability.pdf;other;0.9999809364952392;3.7589754583395043e-07;7.131155804230011e-06;1.0837742358354596e-05;7.187090524095896e-07;0.9999809364952392
reeverse.pdf;france;0.9999998182598362;6.912702120029222e-09;1.3627790433716906e-07;0.9999998182598362;1.615812943933535e-08;2.239142790138547e-08
bomp.pdf;other;0.9999758335342392;3.993374086324978e-07;1.368736803411362e-05;1.5558587279316025e-06;8.523901590030174e-06;0.9999758335342392
astriis.pdf;france;0.9999789220549532;2.9665634863533697e-07;2.372563762460649e-07;0.9999789220549532;6.687532325577464e-06;1.3856499996486133e-05
enhywhere2.pdf;france;0.9999751178628143;1.0899918836035237e-06;2.1291178208674644e-05;0.9999751178628143;1.6125679698433894e-06;8.883991235162724e-07
molecularplasmagroup.pdf;benelux;0.9999956479071022;3.0643082266149815e-07;0.9999956479071022;2.981110765791546e-06;2.42145792352016e-07;8.224055171330371e-07
oxylum.pdf;benelux;0.9999914386246966;9.231369110711628e-07;0.9999914386246966;3.832968489434525e-06;1.3722949222553194e-06;2.432974980544754e-06
spotlight.pdf;france;0.9999963803857371;2.5373293938694594e-07;2.251697285609885e-06;0.9999963803857371;3.591303323918825e-07;7.550537055205103e-07
windfisher.pdf;france;0.9999814660797659;1.5967541670446818e-07;2.6197096989119046e-06;0.9999814660797659;1.8456921668991467e-07;1.556996590175208e-05
cloee.pdf;other;0.9999762187277129;1.3529398980764457e-07;1.1610129069824115e-06;9.706671727077795e-07;2.1514298217590007e-05;0.9999762187277129
heliup2.pdf;france;0.9999981363457915;2.2621799135104595e-08;1.4616323305937592e-06;0.9999981363457915;3.4027191014278134e-07;3.912816866593716e-08
vocsens.pdf;benelux;0.9999928508382934;3.1148719166485864e-08;0.9999928508382934;9.93088921144008e-07;4.831026818067904e-06;1.2938972482871065e-06
lionvolt.pdf;benelux;0.9999876661179992;1.6111056522404005e-06;0.9999876661179992;6.078381474491875e-07;2.2042220629837913e-06;7.910716138268456e-06
threedy.pdf;germany;0.99998450182596;7.481814281399108e-07;3.819955556731897e-06;7.582792805437705e-06;0.99998450182596;3.347244249701421e-06
enow.pdf;benelux;0.9999778798454274;1.0332076794130924e-07;0.9999778798454274;2.088543746249835e-05;9.919794235050927e-07;1.3941691839869307e-07
keiron.pdf;benelux;0.9999654698981868;9.659465149425322e-07;0.9999654698981868;1.4889845454059588e-06;1.0078177723830882e-06;3.106735298068812e-05
dragonflypads2.pdf;france;0.999992704349501;5.532034908674263e-08;3.951635270765289e-06;0.999992704349501;2.403650934909357e-07;3.0483297854785377e-06
turbulent.pdf;benelux;0.9999882273403942;8.078707763777251e-07;0.9999882273403942;1.7502774366402153e-06;2.367461083640048e-06;6.84705030904843e-06
aprexsolutions.pdf;france;0.9999931850507336;1.1928764700345914e-07;2.5133658517495863e-06;0.9999931850507336;5.305785169440118e-07;3.6517172506868766e-06
grizit.pdf;benelux;0.9999935493371946;4.9935540547271915e-08;0.9999935493371946;3.466856477288974e-06;2.852593762179906e-06;8.127702542022434e-08
mantispectra.pdf;benelux;0.9999321527491707;5.958876608222908e-06;0.9999321527491707;3.274207785777933e-05;5.292889530117174e-06;2.3853406833309595e-05
visiontechnology.pdf;france;0.9999493244987172;2.827301322704589e-07;2.1447405825750737e-05;0.9999493244987172;2.3026671849114624e-05;5.918693475590808e-06
dimpora.pdf;other;0.9999766410529508;1.2496448520082397e-06;3.374111539549852e-06;3.8719198657363136e-06;1.4863270791984285e-05;0.9999766410529508
laserco.pdf;benelux;0.9999914330178411;6.499999727811141e-07;0.9999914330178411;2.6539876563751056e-06;7.487500002102013e-07;4.514244529496602e-06
inphocal.pdf;benelux;0.9999721385778747;3.000497121339296e-06;0.9999721385778747;1.0996957907595151e-05;1.1345480685984342e-05;2.5184864102935475e-06
entent.pdf;france;0.9999819234261427;1.3192675156112654e-06;6.9252581108132595e-06;0.9999819234261427;8.425944028084474e-06;1.406104202748565e-06
keeyaerogel2.pdf;france;0.9999945639844307;1.2059347479675723e-07;6.56146548013539e-07;0.9999945639844307;1.930318325074967e-06;2.728957221627825e-06
supairvision.pdf;france;0.9995490998597629;2.7422655890413575e-05;0.00010804100318849492;0.9995490998597629;2.7510565096728555e-05;0.0002879259160615321
myceen.pdf;other;0.9999868461349062;1.0755823698861206e-06;8.313480221981761e-06;1.6014554226292717e-06;2.1633470794576154e-06;0.9999868461349062
kheoos.pdf;france;0.9999928726415654;3.761933771389859e-08;1.9835554421617243e-06;0.9999928726415654;2.1335556426986544e-06;2.972628012044478e-06
awakemobility.pdf;germany;0.9999743341978246;1.7851494504152775e-06;8.476273939504827e-06;8.715509377903407e-06;0.9999743341978246;6.6888694075370935e-06
hace.pdf;france;0.9999946286577638;6.138783631563385e-07;2.3185259131945052e-06;0.9999946286577638;3.3418773841560207e-07;2.104750221475385e-06
tozero.pdf;germany;0.9999865827095905;9.54004634192279e-07;4.674160803377446e-06;5.603470093067889e-06;0.9999865827095905;2.1856548786705775e-06
electriq.pdf;other;0.9999677358777325;1.5528542589883942e-07;2.047217710271237e-05;9.362852530881425e-06;2.273807207966509e-06;0.9999677358777325
bondzai.pdf;france;0.9999105271553232;1.115215265728244e-05;1.2897172698110168e-05;0.9999105271553232;6.796654364270851e-07;6.474385388486246e-05
keeyaerogel.pdf;france;0.9999577157559875;9.265441394803019e-06;1.4951906831101379e-05;0.9999577157559875;4.1290582251632795e-06;1.393783756175279e-05
octofan.pdf;france;0.9999985023117197;8.322629273741337e-08;8.443176682704497e-07;0.9999985023117197;1.320590654206216e-07;4.3808525395661017e-07
