doc;predicted_country;confidence;proba_autres;proba_benelux;proba_france;proba_germany;proba_other
aircision.pdf;benelux;0.9999766756965626;3.17896808807756e-06;0.9999766756965626;5.327382238690734e-07;1.4147219452848548e-05;5.465377672642777e-06
clhynn.pdf;france;0.999997158863858;9.521655616251659e-09;2.477890563403078e-06;0.999997158863858;1.5728545187299597e-08;3.3799537789929705e-07
altosolution.pdf;france;0.9999885671317431;2.907942553834106e-07;6.740073699597717e-07;0.9999885671317431;1.5824231857533886e-06;8.885643445778544e-06
terakalis.pdf;france;0.9999882531712114;2.2152015366977652e-07;1.0066970306546384e-05;0.9999882531712114;1.315808983790007e-07;1.3267574299734151e-06
qualitics.pdf;benelux;0.9999797273356088;1.0750090465815368e-08;0.9999797273356088;2.000170735763157e-05;2.1726134331348068e-07;4.2945599762696524e-08
azteq2.pdf;benelux;0.9999965412696938;2.260966532671111e-08;0.9999965412696938;1.1193963160920771e-06;8.707957391965423e-08;2.229644750570227e-06
ouat!.pdf;benelux;0.9999510865037278;1.0217690932212907e-06;0.9999510865037278;3.4633314434649676e-05;8.555898179350592e-06;4.702514564886327e-06
getyourway.pdf;benelux;0.9999793274318751;6.961039623535061e-07;0.9999793274318751;8.375044828949635e-06;1.5562356774394362e-06;1.0045183656038873e-05
spreeinteractive.pdf;germany;0.9999898716054806;8.3481870634501e-07;4.990847196015973e-06;2.0776577615550272e-06;0.9999898716054806;2.2250708553712994e-06
zeppsolutions.pdf;benelux;0.9999482539798005;1.1694618696608333e-05;0.9999482539798005;5.804223885726638e-06;6.553608195718239e-06;2.769356942141924e-05
dacma.pdf;germany;0.9999795561360778;3.930343741853229e-07;1.7212489113801866e-05;9.78027829781823e-07;0.9999795561360778;1.8603126042777124e-06
biocide.pdf;other;0.9999593039789453;1.1168105526180187e-06;1.5793864339884153e-05;1.5954931680501974e-05;7.830414481567675e-06;0.9999593039789453
flasc2.pdf;benelux;0.9999795326286528;4.13079812476083e-06;0.9999795326286528;2.9353418650059993e-06;8.906492694443899e-06;4.494738662980874e-06
amethyste.pdf;france;0.9999647513265326;2.86250778895056e-06;1.1455631868899659e-05;0.9999647513265326;8.162216417494213e-06;1.2768317391862203e-05
hexana.pdf;france;0.9999727117844404;2.1917518755916895e-07;1.6141658843947555e-06;0.9999727117844404;6.816520806599226e-06;1.8638353681252142e-05
pepps.pdf;benelux;0.9999741862487848;4.008055716818233e-07;0.9999741862487848;1.831062267433685e-05;4.770445680125192e-06;2.3318772891471256e-06
lancey.pdf;france;0.9999655437031897;1.2810393479785674e-06;1.2211973542203315e-05;0.9999655437031897;2.148870661199407e-06;1.8814413258655642e-05
holy.pdf;germany;0.9999896976766817;4.664600623748803e-07;7.443015264590705e-06;2.6222578961119045e-07;0.9999896976766817;2.130622201894611e-06
chemicalnewtech.pdf;other;0.9999842540485046;3.1976790570278306e-06;4.023022210212181e-06;4.418546415449155e-06;4.1067038126553e-06;0.9999842540485046
followinspiration.pdf;other;0.999981161723761;4.2371709630157384e-07;1.1623189948857223e-05;6.329682504673369e-06;4.6168668921942347e-07;0.999981161723761
nature2need.pdf;germany;0.999947519450301;5.874286671161954e-07;9.017677069781477e-06;4.012111368464543e-05;0.999947519450301;2.7543302773757854e-06
dronematrix.pdf;benelux;0.9999988169770984;4.016448125473842e-08;0.9999988169770984;9.454877328986025e-07;8.101346692118518e-09;1.892693406777332e-07
packwise.pdf;germany;0.9999911268060983;2.2391498469281385e-06;2.554489269429065e-06;8.940943941532942e-07;0.9999911268060983;3.185460391207896e-06
bloom.pdf;other;0.999959423280713;6.64803690195908e-06;9.643680665070234e-06;1.5540471472967865e-05;8.744530247039396e-06;0.999959423280713
stargate.pdf;other;0.9999703349646544;1.2014971291831555e-06;1.661315764842865e-05;7.0906100646461595e-06;4.759770503403162e-06;0.9999703349646544
ridergy.pdf;germany;0.9999822138191625;4.482088663182804e-07;1.5646640387317104e-05;2.4100155948125526e-07;0.9999822138191625;1.450330024319792e-06
aerleum.pdf;france;0.9999057616225276;1.4596963880537171e-05;1.312289354870276e-05;0.9999057616225276;4.029625473197374e-06;6.248889456978466e-05
infiniciag.pdf;germany;0.9999811775903585;1.0453675255066488e-06;1.0541157833599171e-05;4.408725295535647e-06;0.9999811775903585;2.8271589870309563e-06
sunlion.pdf;benelux;0.9999166098555496;1.2589154745652868e-07;0.9999166098555496;8.262081509156991e-05;1.0890385850284413e-07;5.345339530435129e-07
airbooster.pdf;france;0.9999802488595191;5.854622668865464e-07;4.331256553862772e-06;0.9999802488595191;8.268131585148348e-07;1.4007608501684579e-05
bulane.pdf;france;0.9999899641058433;9.394452099176728e-08;1.2111872778570187e-06;0.9999899641058433;2.0192007298252507e-07;8.528842284868407e-06
azteq.pdf;benelux;0.9999521102282931;6.094918163240593e-07;0.9999521102282931;3.947714349149956e-06;2.7683470883959824e-05;1.5649094657486306e-05
aquilae.pdf;france;0.9999464036906417;1.2634939936725014e-06;5.866888909413469e-06;0.9999464036906417;2.9191024440386553e-06;4.354682401138902e-05
v2i.pdf;benelux;0.9999767929453507;1.7898750711829634e-08;0.9999767929453507;2.3168504189000956e-05;5.827406642131783e-09;1.4824303125504096e-08
vernaio.pdf;germany;0.9999818614693191;2.107141439968841e-06;4.43450276252775e-06;1.306812915740809e-06;0.9999818614693191;1.0290073562677728e-05
mecawareA.pdf;france;0.9999929786747978;3.0978401009347707e-07;4.238344482760917e-06;0.9999929786747978;2.8457270942395137e-07;2.188623999823443e-06
aiblox.pdf;benelux;0.9999690506161216;8.338666973949209e-07;0.9999690506161216;8.36599152689942e-06;1.7831818913770663e-05;3.917706740070425e-06
forecastyai.pdf;germany;0.999984445459504;3.2266330087805353e-07;1.2890668012373658e-05;1.2197290697520454e-06;0.999984445459504;1.1214801129933975e-06
condugo.pdf;benelux;0.9999967303412535;1.8105226915347073e-08;0.9999967303412535;2.5065460760163388e-06;1.6573843440228056e-08;7.28433600092616e-07
brighterbins.pdf;benelux;0.9999995735974527;7.732597071386181e-09;0.9999995735974527;7.872999696637787e-08;8.668353212065538e-09;3.312716002097435e-07
flasc.pdf;benelux;0.9999919860275511;9.432425627235444e-07;0.9999919860275511;6.293710916870311e-07;2.4331350115148005e-06;4.008223782864916e-06
ipsumtek.pdf;france;0.9999925035010271;2.551988035969115e-07;4.478225152092767e-06;0.9999925035010271;4.0562775233542855e-07;2.3574472650745604e-06
waterhorizon.pdf;france;0.9999727961588216;4.493151960773349e-07;3.9543110069689065e-06;0.9999727961588216;6.434322890316467e-07;2.2156782686163625e-05
ysenergiesmarines.pdf;france;0.9999948044533188;2.5832673990187364e-08;4.7363330656586e-06;0.9999948044533188;3.498882281280054e-07;8.34927134906455e-08
blixt.pdf;other;0.9999783035502754;5.628591202088318e-07;1.117024240083267e-05;8.137223656579829e-06;1.8261245468802587e-06;0.9999783035502754
coldpad2.pdf;france;0.9999995370643611;2.167548494872091e-08;1.7680678483299874e-07;0.9999995370643611;1.8776587357968423e-08;2.456767816758464e-07
getyourway_v1.pdf;benelux;0.9999793274318751;6.961039623535061e-07;0.9999793274318751;8.375044828949635e-06;1.5562356774394362e-06;1.0045183656038873e-05
twinsity.pdf;germany;0.9999739892240894;3.703193069821588e-06;3.3478027918179763e-06;3.827005676189472e-06;0.9999739892240894;1.513277437252682e-05
iqrypto.pdf;benelux;0.9997545024641195;1.5592788972606812e-06;0.9997545024641195;0.0001530712452163214;2.4319547331110327e-06;8.843505703406262e-05
starcopter.pdf;germany;0.9999787003328411;1.235952637521089e-06;2.250354702101457e-06;1.1761169737456549e-05;0.9999787003328411;6.052190081830576e-06
latannerievegetale.pdf;france;0.9999140899672108;3.204767298486815e-06;6.29172718542902e-05;0.9999140899672108;1.7600510170386464e-05;2.1874834659114768e-06
spark2.pdf;france;0.999976509641614;2.082503232127072e-07;9.752037104393775e-07;0.999976509641614;1.9215601662253695e-05;3.0913026899144914e-06
mirsense.pdf;france;0.9999529166433401;9.873853140581903e-07;2.5809085396971124e-05;0.9999529166433401;1.6440764519334587e-05;3.846121429653947e-06
novali3.pdf;benelux;0.9999962867052569;6.332733198886575e-08;0.9999962867052569;3.1321642732717463e-07;3.137027612425016e-08;3.3053807077822927e-06
koremetals.pdf;other;0.6614016111093415;0.0008209386939466954;0.1686361647172522;0.05949256446489062;0.10964872101456895;0.6614016111093415
uware.pdf;benelux;0.9999924700520103;8.835675788654784e-08;0.9999924700520103;3.4446377998451047e-06;8.19356877328041e-07;3.1775965544746814e-06
litherm.pdf;germany;0.9999814995253161;1.7019729023835178e-07;4.312485529254614e-07;1.5842927939869887e-05;0.9999814995253161;2.0561009008033654e-06
chemalive.pdf;other;0.9999942028695887;4.6105649089433556e-07;4.1626577730816015e-06;2.6532119563125955e-07;9.080949516304943e-07;0.9999942028695887
everysens.pdf;france;0.9999918669355332;2.3027579198809394e-08;5.5645959354995294e-06;0.9999918669355332;2.4191850704937604e-06;1.2625588159497e-07
bluepowersynergy.pdf;benelux;0.9999763966549111;1.0132470861699172e-05;0.9999763966549111;8.929619812981808e-06;1.5046116232782642e-06;3.0366427910636666e-06
swoopenergy.pdf;france;0.9999231168076774;1.0400071746735977e-05;1.3026512218913144e-05;0.9999231168076774;8.82313034963219e-06;4.4633478007332736e-05
sylfen.pdf;france;0.9999519621507598;1.2621260780511397e-07;1.5351226934238085e-06;0.9999519621507598;4.6270708370004496e-05;1.0580556919183467e-07
tihive.pdf;france;0.9999385815757649;1.0127646485113753e-06;2.4539132491972305e-05;0.9999385815757649;1.7064897953039244e-05;1.8801629141722303e-05
echemicles.pdf;other;0.9999793687793436;7.053964976251031e-07;1.517704216609119e-05;2.4385831089990567e-06;2.3101988838372804e-06;0.9999793687793436
comppair.pdf;other;0.999981031628276;2.132997568506769e-06;6.600749018336311e-06;3.289701444201604e-06;6.9449236929188395e-06;0.999981031628276
pydro.pdf;germany;0.9999858095285502;1.6237190238679145e-06;7.40690777223335e-06;3.7592901917816613e-06;0.9999858095285502;1.4005544618746086e-06
sunmaxx.pdf;germany;0.9999933812362765;7.107095335826601e-07;1.6454871925331273e-06;3.540959876836935e-06;0.9999933812362765;7.216071204379246e-07
senorics.pdf;germany;0.9999882695432092;5.793677739603455e-07;7.660364325188288e-06;1.9031426356238514e-06;0.9999882695432092;1.5875820561711913e-06
wattalps.pdf;france;0.9999796603913954;7.637680833368194e-07;1.033950267820509e-05;0.9999796603913954;2.2073497067717166e-06;7.0289881362993644e-06
mecabotix.pdf;france;0.9999569314631646;1.4283039552037426e-07;2.8494138269627202e-05;0.9999569314631646;2.816886579006927e-07;1.414987951242074e-05
uware2.pdf;benelux;0.9999924700520103;8.835675788654784e-08;0.9999924700520103;3.4446377998451047e-06;8.19356877328041e-07;3.1775965544746814e-06
covess.pdf;benelux;0.9999797731750595;3.7838819613275536e-06;0.9999797731750595;1.0146651675751943e-05;6.004838713100905e-07;5.695807432267831e-06
anisoprint.pdf;benelux;0.9999762466003607;7.45413199200937e-07;0.9999762466003607;4.441180895394053e-06;4.206115591328184e-07;1.814619398566922e-05
leviathandynamics2.pdf;france;0.9999949086982023;6.868081425458363e-07;1.953512356952111e-06;0.9999949086982023;1.5769442798721577e-06;8.740370185000951e-07
storh.pdf;other;0.9999867344398223;6.149356716295824e-07;4.6483523089290596e-07;1.080954023699931e-05;1.3762490382190957e-06;0.9999867344398223
kooping.pdf;france;0.9999896252160325;3.425457207637412e-07;8.824120932430953e-06;0.9999896252160325;2.6597885774791155e-07;9.421384565151763e-07
variolytics.pdf;germany;0.9999841285753278;3.3009252408277276e-07;1.2429552832356569e-05;1.776773275320814e-06;0.9999841285753278;1.3350060403791798e-06
rein4ced.pdf;benelux;0.9999856682320313;7.1849594212025315e-09;0.9999856682320313;1.8116533432799484e-07;1.3267019338097764e-05;8.763983367934836e-07
roth2.pdf;france;0.9999947776868642;1.889535752388676e-07;1.9438078957745492e-06;0.9999947776868642;1.870658656943394e-06;1.2188930078539668e-06
dionymer.pdf;france;0.9999982011990526;1.950880261373393e-07;2.3957474899997913e-07;0.9999982011990526;9.418737488391981e-07;4.2226442351829393e-07
lithcote.pdf;benelux;0.999997320283458;8.505599582700293e-08;0.999997320283458;2.007449174458096e-06;1.0959736730513022e-07;4.776140043869005e-07
bonidriver.pdf;germany;0.9999793732372986;9.78495709860338e-07;1.0203324158960986e-05;2.840163631172698e-06;0.9999793732372986;6.604779201522522e-06
bianergy2.pdf;benelux;0.9999778637363709;8.741433624287205e-06;0.9999778637363709;2.4618143810728967e-07;4.548283172061866e-06;8.600365394664759e-06
internest.pdf;france;0.9999702726950858;9.640613270491326e-08;3.5936370951811073e-06;0.9999702726950858;1.1901622514028297e-07;2.591824546131809e-05
voleatech.pdf;germany;0.9999799785110453;4.5290875455086897e-07;2.5527159435291864e-06;1.283696297339661e-05;0.9999799785110453;4.178901283316167e-06
effitrax.pdf;benelux;0.9999913316438207;1.2690963871782217e-08;0.9999913316438207;7.973778960853951e-06;6.428089980239989e-07;3.9077256377492696e-08
avoxt.pdf;benelux;0.9998906361877802;3.6695198116666507e-06;0.9998906361877802;6.564250650190954e-06;3.689173127831362e-05;6.223831047947429e-05
alberts.pdf;benelux;0.9999775649712317;1.4129589932568592e-06;0.9999775649712317;7.078825565488873e-06;1.1457966266379395e-05;2.4852779431317643e-06
sereema.pdf;france;0.9999966457927318;1.1735978626273261e-08;2.364695110493729e-07;0.9999966457927318;3.062912712383009e-06;4.308906606548693e-08
inflights.pdf;benelux;0.9999729465383774;5.94836838120877e-07;0.9999729465383774;2.106223834374772e-05;1.958262186387407e-06;3.438124254216978e-06
waterstuffsun.pdf;germany;0.9999683151759496;6.789324396646858e-07;1.1965377634342474e-05;4.433249143854486e-06;0.9999683151759496;1.4607264832717462e-05
borealesenergy.pdf;france;0.9999824841830196;1.615970877527422e-07;5.815937870570578e-06;0.9999824841830196;2.014380763545456e-06;9.523901258523275e-06
senseven.pdf;other;0.9999730611385244;1.4380795782362952e-07;9.02145679051966e-06;2.6995872335126456e-06;1.5074009493691467e-05;0.9999730611385244
diamfab.pdf;france;0.999988820206175;4.3642062840281605e-06;2.399321201225397e-06;0.999988820206175;2.5466621353872195e-06;1.8696042045406174e-06
comsens.pdf;benelux;0.9999376416615504;1.662024891302689e-07;0.9999376416615504;8.168846330349917e-06;4.62398606148349e-05;7.783429015022057e-06
otiv.pdf;benelux;0.9999895347027526;4.871718885460337e-07;0.9999895347027526;8.123711942846756e-06;7.005824414198119e-07;1.1538309746403065e-06
akvola.pdf;germany;0.9999752181626946;8.12401730092009e-07;1.6870784707183614e-05;9.390176529290482e-07;0.9999752181626946;6.159633215323949e-06
cilkoa.pdf;france;0.9999633507020563;3.4650199015068352e-06;1.0245944977788432e-05;0.9999633507020563;1.5131891574282958e-05;7.806441489937708e-06
uavia.pdf;france;0.999969889657741;2.0084962419094624e-06;1.5720347473358912e-05;0.999969889657741;1.2052060890946967e-06;1.117629245435123e-05
akryvia.pdf;france;0.9999744061297849;1.9377004980564734e-06;3.532685493344568e-06;0.9999744061297849;1.0302826378883025e-05;9.820657844798806e-06
torwash.pdf;benelux;0.9999624975667526;5.743173766645093e-07;0.9999624975667526;1.2949626068536319e-05;6.967357950014104e-06;1.7011131852209435e-05
uze.pdf;benelux;0.9999876189873567;2.3858387930416567e-07;0.9999876189873567;3.514753341440266e-06;4.883235238923939e-07;8.13935189879951e-06
sogilis.pdf;france;0.9999732611059238;1.9183089838205102e-06;1.4280907439261256e-05;0.9999732611059238;5.918696157005115e-06;4.620981496294903e-06
carbodown.pdf;france;0.999994848326055;8.72691698475191e-08;1.4537983026836186e-06;0.999994848326055;4.815107099230596e-07;3.12909576260461e-06
alouette.pdf;france;0.9999440175193723;1.648804537407839e-06;5.1092541144614116e-05;0.9999440175193723;2.4573643455632567e-06;7.837706001597725e-07
hiqutediamond.pdf;france;0.999994715643284;7.752376433982327e-08;3.7981157123761575e-06;0.999994715643284;8.6444613001096e-07;5.442711091845307e-07
exomatter.pdf;germany;0.9999745183855901;1.5136261425786537e-06;1.9200619669855738e-05;1.315577948215316e-06;0.9999745183855901;3.4517906492655368e-06
holosolis.pdf;france;0.9999960317552333;6.241529670787048e-08;1.0053169247527352e-06;0.9999960317552333;2.4443527540538435e-06;4.561597912606252e-07
stabilogreen.pdf;benelux;0.9999700244242906;1.4218045144697255e-08;0.9999700244242906;2.979681811707264e-05;7.17496149972939e-08;9.27899322357621e-08
senodis.pdf;germany;0.9999875878890817;2.76878326028672e-07;2.9385754206811275e-06;3.87219303328074e-06;0.9999875878890817;5.3244641383477195e-06
roav7.pdf;france;0.999994534493035;1.0513645870837563e-06;1.9669570276596486e-06;0.999994534493035;1.810034012975972e-07;2.266181949007724e-06
ecop.pdf;autres;0.8918329117685999;0.8918329117685999;2.1824443121626086e-06;1.354884451699682e-06;2.2887477145046443e-06;0.10816126215492172
mobito.pdf;benelux;0.9999620795100356;2.1019472651670717e-06;0.9999620795100356;2.5178995233058192e-05;3.428118817247784e-06;7.211428648759934e-06
mitis.pdf;benelux;0.9999741106042285;3.5301143489684624e-07;0.9999741106042285;2.0236948966932593e-05;2.622262297019248e-07;5.037209140025755e-06
aloxy.pdf;benelux;0.9999543072099608;8.847539086955188e-07;0.9999543072099608;1.856732580632838e-05;4.847127881638792e-06;2.139358244275832e-05
cixten.pdf;france;0.9999932980219498;1.9685634913932044e-08;1.7825172191104728e-06;0.9999932980219498;4.622261490608906e-06;2.7751370567855613e-07
ollow.pdf;france;0.9999999213506827;7.907769961796543e-09;1.7348343448754328e-08;0.9999999213506827;3.469240344953926e-08;1.8700800332846853e-08
sironatechnologies.pdf;benelux;0.9999885852704604;8.233700158824684e-07;0.9999885852704604;7.2515236367946166e-06;1.9100852587010475e-06;1.4297506283104171e-06
dropslab.pdf;benelux;0.9999822317554705;4.0265867852566923e-07;0.9999822317554705;1.9274805053368964e-06;2.945858627920943e-06;1.2492246717869448e-05
visplore.pdf;other;0.9999676730384945;2.577120464030531e-07;4.675662288681478e-06;1.3463099968226996e-07;2.7258956170630905e-05;0.9999676730384945
exanodia.pdf;france;0.9987468771873048;1.3117971837877736e-06;3.2267158037524937e-06;0.9987468771873048;2.375652353194943e-06;0.001246208647354623
hevatech.pdf;france;0.9999948609265519;5.483225887553605e-08;7.722496942016275e-07;0.9999948609265519;4.192202841956521e-06;1.1978865312471086e-07
teeptrak2.pdf;france;0.9999620809152673;5.351154627513317e-07;3.63566311489073e-05;0.9999620809152673;9.455470220623164e-07;8.179109900933021e-08
grownbio.pdf;benelux;0.999974449423858;4.617666787281592e-07;0.999974449423858;9.95792998951983e-06;1.0247585356116402e-05;4.8832941175250936e-06
nexwafe.pdf;germany;0.9999850541533774;2.662899310982005e-07;4.6933747937814355e-06;8.498716499839014e-06;0.9999850541533774;1.48746539788607e-06
otiv2.pdf;benelux;0.999964163482957;8.4009241807223e-06;0.999964163482957;1.4248230631636018e-05;5.533200799435535e-06;7.654161431169496e-06
maana.pdf;benelux;0.9999732320562068;1.4407896940075207e-06;0.9999732320562068;7.513552501107876e-06;4.6457297942063443e-07;1.734902861869152e-05
huskk.pdf;benelux;0.9999658357691157;8.696395933870287e-07;0.9999658357691157;1.6505162888084327e-06;2.9416465171420583e-05;2.22760983060344e-06
wizata.pdf;benelux;0.9999806174434354;7.965433780227629e-07;0.9999806174434354;1.0049533466576814e-05;1.048532043043038e-06;7.487947676973501e-06
effectsphotonics.pdf;benelux;0.9999780251371561;4.506927775711888e-06;0.9999780251371561;3.132895967219448e-06;1.3471270128470772e-05;8.637689722798048e-07
fountainfuel.pdf;benelux;0.9999788555054928;6.999479626076936e-07;0.9999788555054928;9.610411378860699e-06;9.721528269073516e-06;1.1126068968356795e-06
dryad.pdf;benelux;0.9999542504618447;1.097635226429214e-06;0.9999542504618447;9.001293090311316e-07;3.220974821236694e-05;1.1542025407513159e-05
cybus.pdf;germany;0.9999787209926958;5.809536559736448e-07;1.0489691163550233e-05;5.591729483243817e-07;0.9999787209926958;9.649189536316111e-06
replace.pdf;france;0.9999657943487529;1.8751707266051038e-07;8.57860835224674e-06;0.9999657943487529;2.5085004221765608e-05;3.545216003813533e-07
magreesource.pdf;france;0.9999969577672709;5.333046921489209e-08;1.4436348079380233e-06;0.9999969577672709;1.3084870429110602e-06;2.3678040906685942e-07
myjiminy.pdf;france;0.9999946266068035;1.0896691293014898e-07;3.533475460042283e-06;0.9999946266068035;7.951419566506505e-07;9.35808866846718e-07
appsilon.pdf;benelux;0.9999632463178613;1.0584070417522128e-06;0.9999632463178613;1.1674175098811539e-06;1.3099419413644095e-05;2.1428438173504173e-05
elugie.pdf;benelux;0.9999903668101017;1.2254698754016508e-06;0.9999903668101017;6.448369143895483e-06;5.06869188407295e-07;1.4524816904399412e-06
askforthemoon.pdf;france;0.99999883868167;1.1606392893999102e-08;8.63057173762661e-07;0.99999883868167;1.3630498792391843e-07;1.503497753970381e-07
hysilabs.pdf;france;0.9999687927316726;3.5001540089355935e-07;8.729988993955796e-06;0.9999687927316726;5.181265815722549e-07;2.160913735082725e-05
zensor.pdf;benelux;0.9999243227128843;4.768155577572847e-06;0.9999243227128843;1.4191054051188569e-05;4.523004437447675e-05;1.148803311250017e-05
entras.pdf;benelux;0.9999863766698437;1.9605115833494856e-08;0.9999863766698437;2.978207484503795e-06;6.827564032259527e-06;3.7979535235871996e-06
intelligentfluids.pdf;germany;0.9999763774701836;3.7334512841031176e-07;3.868446035768005e-06;1.5458717551419263e-05;0.9999763774701836;3.92202110066442e-06
metaliq.pdf;germany;0.9999961230520321;1.0230079391924211e-07;7.990650369684862e-07;3.7710429034567176e-08;0.9999961230520321;2.9378717079610426e-06
mcve3.pdf;france;0.9999892201553632;6.920932003939981e-07;5.173301687359503e-06;0.9999892201553632;3.456019757180598e-06;1.4584299916778296e-06
arkcapturesolutions.pdf;benelux;0.9999559367807516;4.4298335428658915e-06;0.9999559367807516;1.4594763487757197e-05;1.5116355625338992e-05;9.922266592392545e-06
imsystems.pdf;benelux;0.9999533420924651;3.0338999167271507e-06;0.9999533420924651;1.5257625628803351e-05;8.112652623285982e-06;2.0253729365834792e-05
purenat2.pdf;france;0.9999404315655512;6.893401603054851e-06;2.8548776062807426e-05;0.9999404315655512;7.751798606433234e-06;1.6374458176424307e-05
ehgroup.pdf;other;0.9998574889375127;1.6492727511490356e-06;5.5757282034505e-05;7.455793729601166e-05;1.0546570405525065e-05;0.9998574889375127
carbyon2.pdf;other;0.999977512798201;5.852698133628371e-07;2.017268459989752e-05;1.1064914180644932e-06;6.227559677297746e-07;0.999977512798201
swanh.pdf;france;0.9999656412614646;1.9868848987112947e-06;8.62766651314418e-06;0.9999656412614646;1.227099974573163e-05;1.1473187377652726e-05
viridianlithium.pdf;france;0.9999951224484195;1.2283401621690089e-06;1.938721915585824e-06;0.9999951224484195;1.0391932594871326e-06;6.712962432929987e-07
yazzoom.pdf;benelux;0.9999869064611301;1.2661582181226414e-06;0.9999869064611301;4.065451671743458e-06;5.884938082753952e-06;1.8769908972902395e-06
wayout.pdf;other;0.999989133218874;1.2978208485354143e-06;2.2362279406185767e-06;3.9978796236892745e-06;3.334852713153741e-06;0.999989133218874
sakowin.pdf;france;0.9999314683203459;2.638094758918863e-06;5.7244449295510426e-05;0.9999314683203459;2.840309018884822e-06;5.808826580736951e-06
edgetech.pdf;france;0.9999975707305612;3.154672515881316e-08;1.0776026829789724e-07;0.9999975707305612;1.991754184096383e-06;2.982082613916059e-07
nexxoil.pdf;germany;0.9999851647621423;9.552367543885504e-07;3.713116029199896e-06;7.181285455296455e-06;0.9999851647621423;2.9855996187161117e-06
komugi.pdf;france;0.9999288595455001;2.376603736625922e-06;2.3193772331299964e-05;0.9999288595455001;4.505844999386304e-06;4.106423343267593e-05
sunmaxx2.pdf;germany;0.9999797150963298;2.3060431954337073e-06;2.0409782518236447e-06;1.3827994536942224e-05;0.9999797150963298;2.109887685912887e-06
tiamat.pdf;france;0.9999938619965868;2.3393472896090176e-07;8.968194356513255e-07;0.9999938619965868;4.777190091270673e-06;2.300591573397345e-07
ineratec.pdf;germany;0.9999957066801625;9.802291889316315e-08;3.644695532454417e-06;4.85190249277011e-07;0.9999957066801625;6.541113705060942e-08
lichens.pdf;france;0.9999967334251194;4.214664425875059e-08;1.5991282244413291e-06;0.9999967334251194;3.615720055710771e-08;1.5891428112675054e-06
companionenergy.pdf;benelux;0.9999983712204409;2.726923007663137e-08;0.9999983712204409;3.209918834914148e-07;3.9755199094137116e-07;8.829664549286976e-07
kemiwatt.pdf;france;0.999997505031122;3.909818210942747e-08;2.09614721742338e-06;0.999997505031122;1.709171998087081e-07;1.8880627866432646e-07
novacarbon.pdf;france;0.9999981265187622;5.002855149815332e-08;9.619656507094633e-07;0.9999981265187622;2.8471886981980395e-08;8.33015148470924e-07
turbit.pdf;germany;0.999980152809837;8.098534361846316e-07;5.939249089319062e-06;1.0638242517306878e-06;0.999980152809837;1.2034263385647534e-05
senergetics.pdf;benelux;0.9999723537671451;8.627174029973424e-07;0.9999723537671451;8.913077423554946e-06;9.757749321828607e-06;8.112688706632937e-06
enadyne.pdf;germany;0.9999877722031145;2.6088754432358725e-06;2.1447680707791524e-06;1.5350873203374754e-06;0.9999877722031145;5.939066051213507e-06
ananke.pdf;france;0.9999985232949167;8.43869948344284e-08;1.2536302187348375e-07;0.9999985232949167;1.0331383278376227e-06;2.3381673876663365e-07
esnah.pdf;benelux;0.999996436771783;3.37562918253025e-07;0.999996436771783;3.641682946999984e-07;2.6029216763386385e-07;2.601204836607378e-06
pozyx.pdf;benelux;0.9999943994891204;1.7512304710821247e-08;0.9999943994891204;2.744265203986673e-07;1.1885981931580337e-06;4.119973861301436e-06
novomof.pdf;other;0.999912582953221;1.5251301943721931e-06;5.526848290136987e-05;2.1184123015921708e-05;9.439310667264618e-06;0.999912582953221
phytonics.pdf;germany;0.9999639594151565;1.8661208331670693e-06;4.525721607532105e-06;1.4735583052136598e-05;0.9999639594151565;1.4913159350772347e-05
renewind.pdf;benelux;0.9999948100201239;2.736349547471617e-07;0.9999948100201239;3.10476688085482e-06;1.5898848636421768e-06;2.2169317673064326e-07
pathrobotics.pdf;other;0.9999928965868637;1.6742255158850418e-06;3.647285555050976e-06;1.0250701235418877e-06;7.568319416969604e-07;0.9999928965868637
edock.pdf;benelux;0.9999991990246807;7.732890351147944e-08;0.9999991990246807;1.969705193148693e-07;2.2320974083151338e-07;3.034661556387841e-07
grandperspective.pdf;germany;0.999988071056395;1.694088124004257e-06;3.9336081463115485e-06;2.8823177236142716e-06;0.999988071056395;3.4189296112292405e-06
nanoz.pdf;france;0.999951816988833;1.7342004562655137e-06;2.162597590378784e-05;0.999951816988833;1.1267320695043518e-05;1.3555514111892243e-05
shayp.pdf;benelux;0.9999647098131795;2.5334079293617785e-07;0.9999647098131795;2.6511640336660223e-05;7.64924418244597e-06;8.759615085270925e-07
oghji.pdf;other;0.9999829094054691;1.0423592663027226e-07;4.5887485742684205e-06;1.212275260157161e-05;2.748574284049608e-07;0.9999829094054691
phoenixai.pdf;benelux;0.9999102444653866;1.7412343237134093e-06;0.9999102444653866;1.3162178852476983e-05;2.776791696637139e-06;7.207532974048346e-05
electrochaea.pdf;germany;0.9999286550099734;4.530504801867714e-06;2.8950692245793354e-05;1.1749872824699767e-05;0.9999286550099734;2.611392015423749e-05
ghyga.pdf;france;0.9999969231600755;5.489810539311951e-08;2.1043630137373397e-06;0.9999969231600755;5.352268137701934e-07;3.823519915291766e-07
wiidetect.pdf;france;0.999994291384389;3.9362413701121644e-08;4.282607763720575e-06;0.999994291384389;8.473981865602307e-07;5.392472470825356e-07
batiprint3d.pdf;france;0.9999997547262338;2.7195513511346826e-08;1.3924125105496564e-07;0.9999997547262338;2.7591425545455037e-08;5.124557612483678e-08
altransenergy.pdf;france;0.9999982781946476;1.3682941169978506e-08;5.806236796727516e-07;0.9999982781946476;1.2321398322999184e-07;1.0042847484265594e-06
nimesis.pdf;france;0.9999944588170274;3.8806340321049754e-07;3.4966069410399077e-06;0.9999944588170274;3.592919782844142e-07;1.2972206499904681e-06
ecellix.pdf;other;0.9999698419241917;1.6244764254190246e-05;5.0851150115957294e-06;4.270999691882515e-06;4.557196850702755e-06;0.9999698419241917
saturnetechnology.pdf;benelux;0.9999181026737233;2.456764215910628e-06;0.9999181026737233;3.4006763975974326e-05;1.6855673317918155e-05;2.8578124767048902e-05
farwind.pdf;france;0.9999954264313798;2.196839355636226e-08;3.2343906491247495e-06;0.9999954264313798;5.893288929504998e-07;7.278806846856217e-07
deloq.pdf;benelux;0.9999848515299904;5.761793272015266e-07;0.9999848515299904;3.1909433178507444e-06;2.445480438591904e-06;8.935866925977825e-06
xeryon.pdf;benelux;0.9999720429188491;7.319511930980342e-07;0.9999720429188491;2.512351594039521e-06;1.209837943263128e-05;1.2614398931235004e-05
brolz.pdf;benelux;0.9999751877463922;1.1124078973243321e-07;0.9999751877463922;2.3424015007081032e-05;3.359637689882645e-07;9.410340419451794e-07
ecobot.pdf;other;0.9999826405560536;1.2352887324592562e-07;5.08357516651997e-06;1.1071462662524973e-05;1.0808772441642326e-06;0.9999826405560536
matvision.pdf;benelux;0.9999919555827825;6.2168539639303974e-09;0.9999919555827825;7.90253617269779e-06;1.3120371976516224e-07;4.46047097655252e-09
vulkam.pdf;france;0.9999840001461664;1.7059276969831943e-06;4.845001842945172e-06;0.9999840001461664;4.475294545820803e-06;4.973629748099689e-06
istya.pdf;france;0.9999793996574987;1.5682934211725326e-08;2.0313478222903176e-05;0.9999793996574987;1.8894473766778765e-07;8.223660649547809e-08
genesink.pdf;france;0.999947306785622;1.9348084138718858e-06;1.6180819391683065e-06;0.999947306785622;3.3453198053438036e-05;1.568712597142874e-05
moiz.pdf;france;0.9999900415984139;2.737378867714857e-07;7.135925119646895e-06;0.9999900415984139;1.6543033796949538e-06;8.944352003048696e-07
actronika.pdf;france;0.9999397481971323;6.103217044895079e-07;1.6211499798859473e-05;0.9999397481971323;2.029176684622973e-05;2.3138214518184013e-05
cosmotech.pdf;france;0.9999564212722695;1.8099780411300978e-06;1.348696631909302e-05;0.9999564212722695;9.359817732379558e-06;1.892196563794254e-05
sesam.pdf;france;0.9999912035737587;4.10196459254138e-08;2.717854014214552e-06;0.9999912035737587;5.625554410009053e-06;4.119981712665045e-07
rejuice.pdf;benelux;0.9999929128880517;2.1584030759649326e-07;0.9999929128880517;1.9538628401258788e-06;1.8552868089745765e-06;3.0621219915366353e-06
nextind.pdf;other;0.999981394009974;4.818727321028822e-07;4.098799773687852e-06;4.077221519312037e-06;9.948096000910031e-06;0.999981394009974
adlc.pdf;benelux;0.9999953699181745;5.176648246488034e-08;0.9999953699181745;3.8115533665965853e-06;1.884413258328716e-07;5.783206504764324e-07
teratonics.pdf;france;0.9999829138949534;8.939850975326067e-08;3.818333235304807e-06;0.9999829138949534;1.1891794359355444e-05;1.2865789421747915e-06
beagle.pdf;other;0.9991950003837178;1.231917730145258e-05;0.00036026940373391623;1.3354403292809727e-05;0.0004190566319539351;0.9991950003837178
angara.pdf;benelux;0.999878899710334;1.4105169639997702e-05;0.999878899710334;2.406527472499951e-05;2.750991861098779e-05;5.5419926689902093e-05
muodim.pdf;france;0.9999943820996484;1.5022766707737339e-07;2.3767925053018703e-06;0.9999943820996484;1.061897298054752e-06;2.0289828809479964e-06
hoeller.pdf;germany;0.9999798689766117;1.7789344602639354e-07;1.181512758813847e-05;1.5840461759772622e-07;0.9999798689766117;7.97959773643298e-06
equinox_v1.pdf;benelux;0.9994491798324727;7.051511081626796e-06;0.9994491798324727;0.00034617375227527167;4.5297428859195515e-05;0.00015229747531110205
soomiq.pdf;germany;0.9999895215424605;1.3644151426766523e-07;1.4097336389095047e-06;7.821800735060398e-06;0.9999895215424605;1.1104816513845733e-06
carbon8.pdf;other;0.9999817769777903;1.4037806081892597e-06;1.5738133742062511e-06;1.8633150498209074e-06;1.338211317740059e-05;0.9999817769777903
oppr.pdf;benelux;0.9999770095005343;6.706943474311944e-07;0.9999770095005343;1.0832561014188864e-05;9.490577667775477e-06;1.9966664364000584e-06
mcve4.pdf;france;0.9999334202070674;5.363589904836975e-08;6.337789259422293e-05;0.9999334202070674;1.385852353876522e-06;1.762412085313613e-06
iqunet.pdf;benelux;0.999983171551823;9.289593641132778e-07;0.999983171551823;3.9565580502935744e-06;4.2292309811967706e-06;7.713699781307576e-06
heliac.pdf;other;0.9999667289440601;5.094776138813142e-07;2.7835716745352716e-05;4.5454413217859415e-06;3.8042025888720613e-07;0.9999667289440601
theyeq.pdf;france;0.9999818999718079;1.0227478548867841e-07;1.345251491202772e-05;0.9999818999718079;2.5651666658969945e-06;1.9800718286994275e-06
fibersail2.pdf;other;0.9999072529245089;2.672636014009028e-06;8.476563465526067e-06;7.949266138061345e-05;2.1052146310236945e-06;0.9999072529245089
mcve.pdf;france;0.9999814764690249;5.917097072447711e-07;1.3185772218595362e-05;0.9999814764690249;1.1663773718365667e-06;3.579671677336374e-06
obeia.pdf;france;0.9999984478222478;2.692794121034139e-08;1.3764987849809007e-06;0.9999984478222478;9.213071318512956e-08;5.66203127557825e-08
adlatusrobotics.pdf;germany;0.9999981097267736;2.716956476777738e-07;5.294963717981371e-07;4.1547289023309553e-07;0.9999981097267736;6.73608316496761e-07
flyability.pdf;other;0.9999891965298398;1.5700753875398007e-07;4.15506255196308e-06;6.397364581730134e-06;9.403548776423373e-08;0.9999891965298398
reeverse.pdf;france;0.9999997199100369;7.814239562084205e-09;2.034521245724343e-07;0.9999997199100369;6.052763640369062e-08;8.295962722367781e-09
astriis.pdf;france;0.9999857783547369;6.087886128712995e-07;3.921899084493315e-07;0.9999857783547369;2.7605548370349675e-06;1.046011190455069e-05
enhywhere2.pdf;france;0.9999792002377915;6.473850732317989e-07;1.793496344806598e-05;0.9999792002377915;8.939617121398811e-07;1.3234519750698932e-06
molecularplasmagroup.pdf;benelux;0.9999950526104026;9.319802229252827e-08;0.9999950526104026;3.037682596445882e-06;2.87978793157556e-08;1.7877110992285667e-06
oxylum.pdf;benelux;0.9999853907325159;7.724516719044723e-07;0.9999853907325159;5.328996039068296e-06;2.0617482701448296e-06;6.446071503343746e-06
spotlight.pdf;france;0.999990531590766;1.7268441867198993e-07;1.3871928107054628e-06;0.999990531590766;1.8609788467912617e-07;7.722434119913176e-06
windfisher.pdf;france;0.9999858774454145;4.539734190855706e-08;2.977751641336831e-06;0.9999858774454145;1.1611001508660412e-07;1.0983295587178498e-05
heliup2.pdf;france;0.999998019156185;1.3797184753065589e-08;1.6361143301946185e-06;0.999998019156185;2.693761503496182e-07;6.155614967417203e-08
vocsens.pdf;benelux;0.9999872522761301;4.654602041821612e-08;0.9999872522761301;2.382212347830494e-06;8.005645944547032e-06;2.313319557307598e-06
lionvolt.pdf;benelux;0.9999876392991035;4.264076332870511e-06;0.9999876392991035;1.0573442860640848e-06;3.019085980807452e-06;4.020194296708333e-06
threedy.pdf;germany;0.9999769157885093;7.693296193449969e-07;4.488076378102614e-06;1.6949431433588944e-05;0.9999769157885093;8.77374059600246e-07
enow.pdf;benelux;0.9999758167924048;3.0351839201086625e-08;0.9999758167924048;2.2641935018897498e-05;1.4177281976907364e-06;9.319253975805517e-08
keiron.pdf;benelux;0.9999691438728227;3.2511609392020434e-06;0.9999691438728227;9.803488874874736e-06;4.955190481388711e-06;1.2846286882156301e-05
dragonflypads2.pdf;france;0.9999802317691343;4.636527477039401e-08;1.4447778715745392e-05;0.9999802317691343;3.2575923717855763e-07;4.948327637782643e-06
turbulent.pdf;benelux;0.9999913771779639;5.850778920858099e-07;0.9999913771779639;4.7036854365122196e-07;2.3648588292211637e-06;5.202516771158236e-06
aprexsolutions.pdf;france;0.9999944652541989;1.0059470729088701e-07;2.6798536499845266e-06;0.9999944652541989;1.4643132726237142e-06;1.2899841714091472e-06
grizit.pdf;benelux;0.9999866910927233;3.038105062663411e-08;0.9999866910927233;1.9662892497116068e-06;1.07361294182401e-05;5.761075581815073e-07
mantispectra.pdf;benelux;0.9999457547776486;1.8304762340377458e-06;0.9999457547776486;3.7294927036583964e-05;4.814524711695492e-06;1.0305294368997213e-05
visiontechnology.pdf;france;0.9999502494426187;1.907266593554404e-07;8.702313117218542e-06;0.9999502494426187;3.5758449053892106e-05;5.0990685509062885e-06
dimpora.pdf;other;0.9999828687005087;1.2381189999117427e-06;4.31108083103482e-06;2.144348839775767e-06;9.43775082061584e-06;0.9999828687005087
laserco.pdf;benelux;0.9999789561867917;1.883154589110019e-06;0.9999789561867917;4.6883558780923276e-06;1.8272112995777795e-06;1.2645091441430408e-05
inphocal.pdf;benelux;0.9999649242907234;2.9726532925243023e-06;0.9999649242907234;1.7836414603089928e-05;1.1671367825610765e-05;2.595273555322338e-06
entent.pdf;france;0.9999783873352285;1.148558786815944e-06;6.530735845170472e-06;0.9999783873352285;1.176931667668824e-05;2.1640534628895702e-06
keeyaerogel2.pdf;france;0.9999934587007613;1.798649860111427e-07;7.420396859464154e-07;0.9999934587007613;2.3106715413238603e-06;3.308723025389444e-06
supairvision.pdf;france;0.9996135905867383;2.833641357273881e-05;0.00015348992003891464;0.9996135905867383;2.5287115782116086e-05;0.00017929596386811274
kheoos.pdf;france;0.999989042395349;5.291305332243988e-08;9.163406376676555e-06;0.999989042395349;5.082955721941816e-07;1.2329896486247196e-06
awakemobility.pdf;germany;0.9999737030085427;2.1207310452383794e-06;6.605484313122189e-06;1.18447804090606e-05;0.9999737030085427;5.725995689832938e-06
hace.pdf;france;0.9999973325417523;2.1694722210752215e-07;1.8203647396947208e-06;0.9999973325417523;2.0160877814264816e-07;4.2853750768350393e-07
tozero.pdf;germany;0.9999945577211058;3.253172198302751e-07;1.7358834571850545e-06;2.5731265903882567e-06;0.9999945577211058;8.07951626832217e-07
electriq.pdf;other;0.9999813073549805;1.3998526796635266e-07;1.0910215780503434e-05;6.402558711590973e-06;1.2398852594435727e-06;0.9999813073549805
bondzai.pdf;france;0.999643385695619;4.458355885717476e-05;6.330028250851701e-05;0.999643385695619;5.5699786116874e-06;0.00024316048440353575
keeyaerogel.pdf;france;0.9999435598540062;1.1859064573402567e-05;2.055362666385329e-05;0.9999435598540062;1.6369809905779193e-05;7.657644850873969e-06
octofan.pdf;france;0.9999946914876333;9.988433325934862e-08;4.8235893338074045e-06;0.9999946914876333;1.248796707884285e-07;2.601590287623462e-07
credoxys.pdf;germany;0.9999962265114093;5.31326360090915e-07;1.473774570768256e-06;4.25251667872651e-07;0.9999962265114093;1.3431359920756799e-06
hbat.pdf;benelux;0.9999789796891163;2.5093941127402276e-07;0.9999789796891163;3.9531095687959665e-06;3.6104622468829192e-06;1.320579965669173e-05
tractonomy.pdf;benelux;0.9999745883986604;1.9347224627538774e-06;0.9999745883986604;1.416548882996714e-05;2.4572514405585142e-06;6.854138606192281e-06
neextengineering.pdf;france;0.99999445068819;1.505696921529848e-07;4.498808670747284e-06;0.99999445068819;1.1546553717035611e-07;7.844679097714893e-07
machine2humansolutions.pdf;germany;0.9999960559285992;1.561109819441748e-07;2.190805112034469e-06;2.623605769600988e-07;0.9999960559285992;1.3347947299190233e-06
airthium.pdf;other;0.9999820984599584;7.533552148508816e-07;4.720395471175136e-06;1.198258498355312e-05;4.452043720461221e-07;0.9999820984599584
manaa.pdf;benelux;0.9999495178381703;1.4063881152221236e-06;0.9999495178381703;3.5787227203450255e-05;6.092038035907618e-06;7.19650847516598e-06
coldpad.pdf;france;0.9999867097705567;4.487284017822433e-06;1.7495424879724622e-06;0.9999867097705567;4.6874487167811275e-08;7.0065284502710415e-06
deephawk.pdf;france;0.99999205175324;3.701854094418265e-08;2.195315636025858e-06;0.99999205175324;4.371636318082396e-06;1.3442762649428276e-06
mobenergy.pdf;france;0.9999802148269794;5.537371832050657e-07;1.8520800951131417e-05;0.9999802148269794;6.377696040251748e-08;6.468579257845059e-07
hywaves.pdf;other;0.999986417835575;1.7609485696732733e-06;5.708914048461877e-06;5.511877683130159e-06;6.004241237331706e-07;0.999986417835575
enosis.pdf;france;0.9999880426164429;1.0444183772244652e-07;3.2020130742490554e-06;0.9999880426164429;7.846520441520552e-06;8.044082035851622e-07
independentlivingbase.pdf;france;0.9999990131707661;1.8067390749795422e-08;4.079740360306167e-07;0.9999990131707661;1.3132826615824048e-07;4.2945954102589677e-07
