doc;predicted_country;confidence;proba_benelux;proba_france;proba_germany;proba_other
247energy.pdf;benelux;0.9999872083608151;0.9999872083608151;5.436897107257641e-08;4.59506240402501e-08;1.2691319589808174e-05
actronika.pdf;france;0.9999720737875256;9.154189291415043e-06;0.9999720737875256;9.920445965338473e-06;8.851577217760994e-06
adlatusrobotics.pdf;germany;0.9999957307609326;4.311788879481172e-07;1.9444933815126694e-06;0.9999957307609326;1.8935667977787548e-06
adlc.pdf;benelux;0.9999990623029191;0.9999990623029191;5.160030897636775e-07;3.315130164233094e-07;9.018097472285153e-08
aerleum.pdf;france;0.9999622476068344;6.2692102601248395e-06;0.9999622476068344;1.019140278660829e-05;2.12917801188002e-05
aiblox.pdf;benelux;0.9999503825696195;0.9999503825696195;3.3433647900178576e-06;3.493546471547595e-05;1.1338600874982997e-05
airbooster.pdf;france;0.9999832410228853;4.163038157969756e-06;0.9999832410228853;9.427660475416448e-07;1.1653172908892725e-05
aircision.pdf;benelux;0.9999930899537725;0.9999930899537725;2.222610911143319e-06;2.9582575756975986e-06;1.7291777405810314e-06
airthium.pdf;other;0.9999881972150176;5.6441662956773734e-06;5.611831495206647e-06;5.467871914932477e-07;0.9999881972150176
aithra.pdf;france;0.9999961366170667;2.3448169464122842e-06;0.9999961366170667;1.0879501316694619e-06;4.3061585539655e-07
akryvia.pdf;france;0.9999667604524286;5.648974968426325e-06;0.9999667604524286;1.564230933896512e-05;1.19482632640865e-05
akvola.pdf;germany;0.999978447755442;1.5498141531375046e-05;1.5983641965745676e-06;0.999978447755442;4.4557388299842435e-06
alberts.pdf;benelux;0.9999803367069349;0.9999803367069349;1.2339465023902813e-05;4.986188257509765e-06;2.3376397837492357e-06
aloecell.pdf;other;0.9999924366113492;4.941985753695913e-06;1.1707961623295133e-06;1.4506067348603888e-06;0.9999924366113492
alouette.pdf;france;0.9999529815145902;4.28794493319839e-05;0.9999529815145902;1.8261812861616516e-06;2.3128547918320035e-06
aloxy.pdf;benelux;0.999913011038301;0.999913011038301;2.8213397705805313e-05;2.452230117897887e-05;3.425326281446528e-05
altosolution.pdf;france;0.9999930382741099;4.130848702816259e-07;0.9999930382741099;3.4589771869050224e-07;6.20274330129952e-06
altransenergy.pdf;france;0.9999986177758208;3.5012240804840197e-07;0.9999986177758208;1.2899139168223587e-07;9.031103796709915e-07
amethyste.pdf;france;0.9999730074972238;1.4846531062374408e-05;0.9999730074972238;1.032974404218352e-05;1.8162276717367609e-06
amflow.pdf;benelux;0.9999775292043079;0.9999775292043079;5.9803534440743556e-06;7.98840387391274e-06;8.502038374155e-06
amiraltechnologies.pdf;france;0.9999936307284837;1.160162213701731e-06;0.9999936307284837;4.781147456848997e-06;4.2796184601996473e-07
anabrid.pdf;germany;0.9999910802743711;6.085736867509634e-06;2.5007510503605836e-07;0.9999910802743711;2.5839136563195922e-06
ananke.pdf;france;0.9999960282139082;9.806238098186978e-07;0.9999960282139082;7.351084148462167e-07;2.256053867263664e-06
angara.pdf;benelux;0.9999026672396503;0.9999026672396503;1.827930721574245e-05;3.365970950039825e-05;4.5393743633641885e-05
anisoprint.pdf;benelux;0.9999709148757112;0.9999709148757112;1.4454336514361775e-05;1.3870472473413848e-06;1.3243740527062749e-05
appsilon.pdf;benelux;0.999970754969936;0.999970754969936;1.609025168690461e-06;3.4283489775481522e-06;2.4207655917699357e-05
aprexsolutions.pdf;france;0.9999946173163154;1.631081083127097e-06;0.9999946173163154;2.1560667463476068e-07;3.5359959268696275e-06
aquilae.pdf;france;0.9999881270670022;5.686845833393016e-06;0.9999881270670022;1.4622119255764842e-06;4.723875238731493e-06
aredox.pdf;france;0.9999688723307848;5.422890769040007e-06;0.9999688723307848;7.857375838951964e-07;2.4919040862288613e-05
arkcapturesolutions.pdf;benelux;0.9998441529515514;0.9998441529515514;5.964251544686942e-05;8.093179485289497e-05;1.527273814890154e-05
arkeocean.pdf;france;0.9999776055632873;8.460316382289421e-06;0.9999776055632873;2.6063658234059414e-07;1.3673483748076176e-05
askforthemoon.pdf;france;0.999999574397858;2.7410626540786533e-07;0.999999574397858;1.2947643856302157e-07;2.2019437933104366e-08
askforthemoon2.pdf;france;0.9999715255627245;1.545869765568678e-05;0.9999715255627245;6.539790712122758e-06;6.475948907791342e-06
astriis.pdf;france;0.9999916668655394;3.384187378316294e-07;0.9999916668655394;1.920685100730422e-06;6.074030622059244e-06
atmocoat.pdf;germany;0.9999928583431814;4.173334145440069e-06;2.164888029759854e-06;0.9999928583431814;8.034346433887585e-07
avoxt.pdf;benelux;0.9999576156074644;0.9999576156074644;2.169094217848157e-06;2.825568447500722e-05;1.1959613842621609e-05
awakemobility.pdf;germany;0.999979367321186;1.1836401949067165e-05;5.743492618339865e-06;0.999979367321186;3.0527842466368257e-06
azteq.pdf;benelux;0.9999493024142267;0.9999493024142267;3.846402517312965e-06;3.9640004837047524e-05;7.211178418917218e-06
azteq2.pdf;benelux;0.99999665854067;0.99999665854067;2.5835820997591153e-06;4.8031616382315705e-08;7.098456140307342e-07
batiprint3d.pdf;france;0.9999996926109688;6.587772526469716e-08;0.9999996926109688;5.3238164203484197e-08;1.8827314187705636e-07
beagle.pdf;other;0.9999874959283771;2.6095546938684805e-06;1.1645230435560238e-07;9.778064624555397e-06;0.9999874959283771
bianergy2.pdf;benelux;0.99998342192098;0.99998342192098;1.2302824030608408e-06;3.925643307066435e-06;1.1422153309869426e-05
biocide.pdf;other;0.999960436865987;2.1386170136828696e-05;1.4666379030060508e-05;3.5105848461169958e-06;0.999960436865987
blixt.pdf;other;0.9999721230172652;1.2090426346980902e-05;1.2393005837169852e-05;3.393550550587165e-06;0.9999721230172652
bloom.pdf;other;0.9999813292421044;4.55576081003111e-06;6.539115642536444e-06;7.5758814431244625e-06;0.9999813292421044
bluepowersynergy.pdf;benelux;0.9999544455374924;0.9999544455374924;1.2609770032261192e-05;4.233919796434986e-06;2.8710772678928044e-05
bondzai.pdf;france;0.9999268102506501;2.7376179440886022e-05;0.9999268102506501;7.93809971217429e-06;3.787547019674893e-05
bonidriver.pdf;germany;0.9999861932485468;7.4924769360506196e-06;9.61678197656132e-07;0.9999861932485468;5.35259631970982e-06
borealesenergy.pdf;france;0.999984433075;8.547653098007425e-06;0.999984433075;1.0255306841324896e-06;5.993741217992573e-06
brighterbins.pdf;benelux;0.999997429905144;0.999997429905144;1.6418951068133322e-07;2.106240513492662e-08;2.384842940153928e-06
brolz.pdf;benelux;0.9999773716003709;0.9999773716003709;2.1221698460396507e-05;1.1422208832867585e-07;1.2924790803946469e-06
bulane.pdf;france;0.9999967781012865;2.04239354811292e-06;0.9999967781012865;1.6601248141525236e-07;1.0134926841097232e-06
carbodown.pdf;france;0.9999969259836992;2.1991948727466342e-06;0.9999969259836992;6.207136117176228e-07;2.541078163051223e-07
carbon8.pdf;other;0.9999400759141245;2.1247564610126493e-05;2.8267766878506773e-06;3.584974457751676e-05;0.9999400759141245
carbyon2.pdf;other;0.9999895363631122;8.901036968496047e-06;9.878749895258354e-07;5.747249298118311e-07;0.9999895363631122
chemalive.pdf;other;0.9999940022724527;4.974052615390058e-06;2.9142219040925837e-07;7.322527415047089e-07;0.9999940022724527
chemicalnewtech.pdf;other;0.9999799347343264;1.1171261138869635e-05;3.2241599831878086e-06;5.669844551474171e-06;0.9999799347343264
cilkoa.pdf;france;0.9999683534969308;7.416993799568347e-06;0.9999683534969308;1.4418558438688429e-05;9.810950830913197e-06
cixten.pdf;france;0.9999915618075494;3.0185678900406686e-06;0.9999915618075494;4.829130140454506e-06;5.904944202198945e-07
clhynn.pdf;france;0.9999978721092897;1.7154743555473844e-06;0.9999978721092897;1.409557968629353e-08;3.9832077488754387e-07
cognifab.pdf;france;0.9999566711597445;1.6196541972635552e-05;0.9999566711597445;2.5581897621919262e-05;1.550400660765543e-06
coldpad.pdf;france;0.9999843610877804;6.345765340622168e-06;0.9999843610877804;5.148146062160143e-07;8.778332272555171e-06
coldpad2.pdf;france;0.9999997639707732;8.95444707685853e-08;0.9999997639707732;1.9678030413588846e-08;1.2680672584795736e-07
companionenergy.pdf;benelux;0.9999994819480308;0.9999994819480308;1.347812951516044e-07;2.3942276384689046e-07;1.4384791009324313e-07
comppair.pdf;other;0.9999797622695942;6.083273576548462e-06;2.2386216594693875e-06;1.1915835169802052e-05;0.9999797622695942
comsens.pdf;benelux;0.9999323184540694;0.9999323184540694;1.027523617219861e-05;4.558804580661879e-05;1.1818263951713997e-05
condugo.pdf;benelux;0.9999950934886476;0.9999950934886476;4.0205304371893916e-06;1.6411290109856234e-07;7.218680139664546e-07
cosmotech.pdf;france;0.9999482198294354;1.5701227219016098e-05;0.9999482198294354;1.2680236011133887e-05;2.339870733439108e-05
covess.pdf;benelux;0.9999664232221417;0.9999664232221417;1.7846207807195596e-05;1.3246243488051554e-06;1.4405945702431311e-05
credoxys.pdf;germany;0.9999943689548259;4.1020278959806456e-06;8.353695486669056e-07;0.9999943689548259;6.936477295056423e-07
ctrlenergy.pdf;france;0.999895916761094;6.167835964516542e-05;0.999895916761094;2.3381997403632677e-06;4.006667952040959e-05
cybus.pdf;germany;0.9999879833941657;5.485847531967614e-06;2.3435926018716283e-06;0.9999879833941657;4.1871657005560975e-06
dacma.pdf;germany;0.9999732919567802;8.000117466736872e-06;3.0393691261332563e-07;0.9999732919567802;1.8403988840472852e-05
deephawk.pdf;france;0.9999849945242969;2.9864709765574183e-06;0.9999849945242969;1.034154995111205e-05;1.6774547752918113e-06
deloq.pdf;benelux;0.9999829232824978;0.9999829232824978;5.197535241252163e-06;5.728037291868807e-06;6.151144969151716e-06
diamfab.pdf;france;0.9999919799279093;1.3867128932052332e-06;0.9999919799279093;1.7485671907095848e-06;4.884792006884817e-06
dimpora.pdf;other;0.9999907611866491;9.947113340059786e-07;1.2818604121711971e-06;6.962241604849717e-06;0.9999907611866491
dionymer.pdf;france;0.9999896341587291;9.516677249738581e-07;0.9999896341587291;8.107392416290813e-06;1.3067811296733266e-06
dotocean.pdf;benelux;0.9999874987750281;0.9999874987750281;6.4567168088991445e-06;8.755522467346041e-08;5.956952938030467e-06
dragonflypads2.pdf;france;0.9999897698629352;7.174056809612905e-06;0.9999897698629352;7.165606555783779e-07;2.3395195996344428e-06
dronematrix.pdf;benelux;0.9999988813332292;0.9999988813332292;8.6888339091365e-07;4.9581903547561536e-08;2.0020147640821462e-07
dropslab.pdf;benelux;0.9999884843653618;0.9999884843653618;3.1347406490777163e-06;2.581839076054835e-06;5.799054913260506e-06
dryad.pdf;benelux;0.9999635974440432;0.9999635974440432;3.425317815488995e-07;2.7390953997956387e-05;8.669070177536713e-06
ecellix.pdf;other;0.999991032563085;4.3858405912828946e-06;1.8381904965155981e-06;2.743405827311409e-06;0.999991032563085
echemicles.pdf;other;0.9999912555742475;7.352830915424032e-06;1.1188255346338562e-06;2.7276930233207464e-07;0.9999912555742475
eco2grow.pdf;germany;0.9999813785361852;6.702793025184194e-06;1.998947618388567e-06;0.9999813785361852;9.919723171232029e-06
ecobot.pdf;other;0.9999865317837666;3.3493270101477918e-06;8.813692672271017e-06;1.3051965510495424e-06;0.9999865317837666
ecop.pdf;other;0.9999536480751586;1.3992771945046823e-05;9.355660205594517e-06;2.3003492690781175e-05;0.9999536480751586
edgetech.pdf;france;0.9999973476299238;2.950212538031512e-07;0.9999973476299238;1.726750822324295e-06;6.305980000128209e-07
edock.pdf;benelux;0.9999997238751873;0.9999997238751873;6.302898875260636e-08;1.1570965983761036e-07;9.73861639049924e-08
effectsphotonics.pdf;benelux;0.9999848529398354;0.9999848529398354;1.6778445275007929e-06;1.2772330619976643e-05;6.968850170667628e-07
effitrax.pdf;benelux;0.9999962455724761;0.9999962455724761;3.477173183296752e-06;2.4137091197676104e-07;3.588342870860749e-08
ehgroup.pdf;other;0.9999883355057098;4.859507717595992e-06;5.2829852687038314e-06;1.5220013040416347e-06;0.9999883355057098
electriq.pdf;other;0.9999858697739699;7.685402184504723e-06;5.7292293649278335e-06;7.155944807141853e-07;0.9999858697739699
electrochaea.pdf;germany;0.9999818328422346;3.7217065220154423e-06;7.449858546950509e-06;0.9999818328422346;6.995592696402575e-06
elugie.pdf;benelux;0.9999946636367744;0.9999946636367744;2.4746312332273188e-06;2.001005711807467e-06;8.60726280452437e-07
enadyne.pdf;germany;0.9999948088010415;9.144242901728083e-07;9.880337285699872e-07;0.9999948088010415;3.288740939663102e-06
enhywhere2.pdf;france;0.9999843886548543;1.2122898091374292e-05;0.9999843886548543;1.505828792961868e-06;1.9826182615193756e-06
enosis.pdf;france;0.999987248093371;6.1014765155593725e-06;0.999987248093371;1.3066988938105902e-06;5.343731219651391e-06
enow.pdf;benelux;0.9999867680705251;0.9999867680705251;1.1069060454386e-05;2.0301628341672802e-06;1.3270618653185454e-07
enprove.pdf;benelux;0.9999869461179748;0.9999869461179748;1.1304694477537325e-05;9.787913033491687e-07;7.703962443553928e-07
entent.pdf;france;0.999982620646403;6.7936469475367646e-06;0.999982620646403;8.554711952663417e-06;2.030994696882543e-06
entras.pdf;benelux;0.9999913247852097;0.9999913247852097;2.933502623152953e-06;3.0462749800924132e-06;2.695437187100874e-06
equinox.pdf;benelux;0.9989198024440185;0.9989198024440185;0.0005939345186512131;9.378038244316847e-05;0.00039248265488707685
equinox_v1.pdf;benelux;0.9989198024440185;0.9989198024440185;0.0005939345186512131;9.378038244316847e-05;0.00039248265488707685
equinox_v2.pdf;benelux;0.9989198024440185;0.9989198024440185;0.0005939345186512131;9.378038244316847e-05;0.00039248265488707685
equinox_v3.pdf;benelux;0.9989198024440185;0.9989198024440185;0.0005939345186512131;9.378038244316847e-05;0.00039248265488707685
equinox_v4.pdf;benelux;0.9989198024440185;0.9989198024440185;0.0005939345186512131;9.378038244316847e-05;0.00039248265488707685
equinox_v5.pdf;benelux;0.9989198024440185;0.9989198024440185;0.0005939345186512131;9.378038244316847e-05;0.00039248265488707685
esnah.pdf;benelux;0.9999976475416772;0.9999976475416772;3.0795889336301563e-07;2.1674196140433026e-07;1.8277574679918996e-06
eternalpower.pdf;germany;0.9999982895529211;5.376829532058765e-07;7.259361535529533e-07;0.9999982895529211;4.4682797209872004e-07
ethernics.pdf;benelux;0.9999697645514352;0.9999697645514352;2.45536398033247e-05;3.8134783738814625e-06;1.8683303877290696e-06
everysens.pdf;france;0.999985108981654;1.2297518756659873e-05;0.999985108981654;1.528698229571663e-06;1.0648013597740752e-06
exanodia.pdf;france;0.9997388722255539;4.050510313578108e-06;0.9997388722255539;3.7685689275543024e-06;0.0002533086952048054
exomatter.pdf;germany;0.9999747908856438;1.8659240449476097e-05;1.7105834484719147e-06;0.9999747908856438;4.8392904582037465e-06
extracthive.pdf;france;0.999998462907478;1.8411355968818594e-07;0.999998462907478;5.786630909117968e-07;7.743158715838174e-07
farwind.pdf;france;0.9999968937078431;1.9183695136954653e-06;0.9999968937078431;1.0711633816167842e-06;1.1675926175056456e-07
fibersail2.pdf;other;0.9999347037524717;6.041844923731694e-06;5.797394817834675e-05;1.2804544263044757e-06;0.9999347037524717
flasc.pdf;benelux;0.9999920118525285;0.9999920118525285;9.312329883540766e-07;3.016169680835252e-06;4.04074480219973e-06
flasc2.pdf;benelux;0.9999908682875097;0.9999908682875097;1.5650076661866904e-06;2.679526215123875e-06;4.88717860883158e-06
flyability.pdf;other;0.9999889274208474;3.2348807885915423e-06;7.07857451236733e-06;7.591238516407497e-07;0.9999889274208474
flyability2.pdf;other;0.999990120309693;5.715105483683494e-06;3.708967319464149e-06;4.556175038696363e-07;0.999990120309693
followinspiration.pdf;other;0.9999770116580821;1.1882665637782236e-05;1.0794800062672907e-05;3.108762174018783e-07;0.9999770116580821
forecastyai.pdf;germany;0.9999895207817951;9.59785987850209e-06;5.635107903060434e-07;0.9999895207817951;3.178475361180778e-07
fountainfuel.pdf;benelux;0.9999931457590178;0.9999931457590178;1.5500998886748428e-06;4.706607070179912e-06;5.975340232338968e-07
genesink.pdf;france;0.9999634795607405;3.1438130989831187e-06;0.9999634795607405;2.3484345091407863e-05;9.892281069001125e-06
genhy.pdf;france;0.9999966334924624;2.7643261145597667e-07;0.9999966334924624;4.840503321401023e-07;2.606024594024547e-06
geolith.pdf;france;0.99999562201837;1.5513202096838883e-06;0.99999562201837;3.722961232743595e-07;2.4543652969880623e-06
getyourway.pdf;benelux;0.9999475485497344;0.9999475485497344;2.13469183594723e-05;3.906581346376523e-06;2.7197950559762617e-05
getyourway_v5.pdf;benelux;0.9999475485497344;0.9999475485497344;2.13469183594723e-05;3.906581346376523e-06;2.7197950559762617e-05
ghyga.pdf;france;0.9999991057717835;3.789225093746729e-07;0.9999991057717835;2.7818805212334537e-07;2.3711765503662537e-07
grandperspective.pdf;germany;0.9999934882742231;2.705357766647176e-06;8.09368879939335e-07;0.9999934882742231;2.996999130366405e-06
gravithy.pdf;france;0.9999986162499611;4.425453566134847e-07;0.9999986162499611;7.745818456736125e-08;8.637464977781513e-07
greengentech.pdf;france;0.9999993498218844;1.248495724508512e-07;0.9999993498218844;1.5613867976966244e-07;3.691898633459697e-07
greenyenergyag.pdf;other;0.9999782884756871;1.3847675913676154e-06;1.4899778339301973e-06;1.8836778887422675e-05;0.9999782884756871
grizit.pdf;benelux;0.9999941527704618;0.9999941527704618;2.2721674675226137e-06;3.5003463690690376e-06;7.471570155571459e-08
grownbio.pdf;benelux;0.9999653400113712;0.9999653400113712;1.7862778060394423e-05;1.4223780186365818e-05;2.573430382165956e-06
h2sys.pdf;france;0.999981256727439;8.15451977911538e-06;0.999981256727439;8.90602864200803e-06;1.6827241400501453e-06
hace.pdf;france;0.9999963622634396;1.9362339302233e-06;0.9999963622634396;4.3156128409799036e-07;1.2699413459830828e-06
hawaitech.pdf;france;0.9999973181087439;2.103874133772844e-06;0.9999973181087439;1.3406498524497956e-07;4.439521370777394e-07
hbat.pdf;benelux;0.9999769277491266;0.9999769277491266;5.978821787915402e-06;5.7168020400431e-06;1.1376627045618063e-05
heliac.pdf;other;0.9999919124455667;2.392823468087967e-06;4.902649856615706e-06;7.920811085699495e-07;0.9999919124455667
heliup2.pdf;france;0.9999991359813973;4.0547660080164707e-07;0.9999991359813973;1.2750592400104907e-07;3.310360778986835e-07
hevatech.pdf;france;0.9999949209919907;1.0407926515261002e-06;0.9999949209919907;3.581170768418189e-06;4.570445891533569e-07
hexana.pdf;france;0.9999787401339297;5.220845960658892e-06;0.9999787401339297;5.9761706770107055e-06;1.0062849432684238e-05
highline.pdf;germany;0.9999807410563665;9.300551454342016e-06;7.168920293074512e-06;0.9999807410563665;2.789471886082322e-06
hiqutediamond.pdf;france;0.9999972170650464;2.3393363351458332e-06;0.9999972170650464;3.3421840130699635e-07;1.093802170332853e-07
hoeller.pdf;germany;0.9999869509438964;7.140737996465628e-06;3.052552047866172e-07;0.9999869509438964;5.603062902355214e-06
holosolis.pdf;france;0.9999962369743163;5.869331418431246e-07;0.9999962369743163;2.741582550344313e-06;4.3450999165831116e-07
holy.pdf;germany;0.9999906220475664;8.049015709698591e-06;6.402724276242613e-07;0.9999906220475664;6.886642962928697e-07
huskk.pdf;benelux;0.9999702501264718;0.9999702501264718;2.174358155313697e-06;2.2264004009488832e-05;5.31151136336569e-06
hysilabs.pdf;france;0.9999941521007311;1.1985941494073645e-06;0.9999941521007311;1.8803767424052661e-07;4.461267445126438e-06
hyve.pdf;benelux;0.9999858375832029;0.9999858375832029;9.729832294661306e-06;2.961086489650592e-06;1.4714980126405236e-06
hywaves.pdf;other;0.9999858884045109;6.459848097485568e-06;5.911575177517951e-06;1.7401722140283539e-06;0.9999858884045109
icodos.pdf;germany;0.9999824579249688;5.351134994899487e-06;6.921281385497905e-06;0.9999824579249688;5.269658650913844e-06
imsystems.pdf;benelux;0.9999468515615565;0.9999468515615565;3.1719691678941484e-05;1.2877469955229395e-05;8.551276809302964e-06
independentlivingbase.pdf;france;0.9999988242789214;1.3581805281673252e-07;0.9999988242789214;5.408837304869194e-09;1.0344941886332676e-06
ineratec.pdf;germany;0.9999946315609678;3.806974851929926e-06;8.759262491072592e-07;0.9999946315609678;6.855379312247794e-07
infiniciag.pdf;germany;0.9999828917312454;4.192857038402816e-06;4.850390226770113e-06;0.9999828917312454;8.065021489363972e-06
inflights.pdf;benelux;0.9999543288747652;0.9999543288747652;2.765631011246016e-05;1.0311976627026468e-05;7.702838495449543e-06
infrasolid.pdf;germany;0.9999904093624717;4.909450978157971e-06;3.9743327669119647e-07;0.9999904093624717;4.283753273452497e-06
inphocal.pdf;benelux;0.9999597455098485;0.9999597455098485;2.0738875009211918e-05;1.7072684695592865e-05;2.4429304465659125e-06
insens.pdf;benelux;0.9999861490045279;0.9999861490045279;1.1984757387770616e-05;1.776618410477182e-06;8.961967402060138e-08
intelligentfluids.pdf;germany;0.9999838256362847;2.370224421290033e-06;1.2915739303114405e-05;0.9999838256362847;8.883999907160714e-07
internest.pdf;france;0.9999805465509314;4.597772649040038e-06;0.9999805465509314;2.90938805255293e-07;1.456473761438964e-05
inuse.pdf;france;0.9999280386815195;2.150908933056789e-05;0.9999280386815195;1.9438720264082124e-05;3.101350888608147e-05
ionics.pdf;benelux;0.9999637275799811;0.9999637275799811;2.8583671178376756e-05;2.976498281077342e-06;4.712250559569208e-06
ipsumtek.pdf;france;0.9999931392609568;3.3240214151201907e-06;0.9999931392609568;1.5535227307704568e-06;1.9831948971258567e-06
iqrypto.pdf;benelux;0.9996893717993515;0.9996893717993515;2.318759624489911e-05;7.940152025297214e-06;0.00027950045237854935
iqunet.pdf;benelux;0.9999799519501665;0.9999799519501665;6.564254411705867e-06;2.4709661707594134e-06;1.1012829250981148e-05
istya.pdf;france;0.9999769568848965;2.1375974044864278e-05;0.9999769568848965;7.364182593330841e-08;1.5934992328220635e-06
japet.pdf;france;0.9999877818141156;1.1064579732820417e-05;0.9999877818141156;7.577004271445544e-07;3.959057244209075e-07
keeyaerogel.pdf;france;0.9999510576857429;3.1121228759754346e-05;0.9999510576857429;5.923866711286024e-06;1.1897218786016674e-05
keeyaerogel2.pdf;france;0.9999969980133303;1.3308219353679597e-07;0.9999969980133303;2.024691971623654e-06;8.442125046129174e-07
keiron.pdf;benelux;0.999979689039746;0.999979689039746;6.715896632690024e-06;7.013019333848245e-06;6.582044287354443e-06
kemiwatt.pdf;france;0.9999974633690222;2.2029443337766423e-06;0.9999974633690222;1.5967542370698974e-07;1.7401122035749082e-07
kheoos.pdf;france;0.9999935023281081;3.404023765369142e-06;0.9999935023281081;9.283304991210486e-07;2.165317627297378e-06
komugi.pdf;france;0.9999552454781488;1.7591150182578638e-05;0.9999552454781488;6.984268441848926e-06;2.0179103226610353e-05
kooping.pdf;france;0.9999943913823491;2.5829786583741713e-06;0.9999943913823491;1.5403801303408808e-06;1.4852588619609127e-06
koremetals.pdf;other;0.8437630092096621;0.0847048765565424;0.00754744316352941;0.06398467107026617;0.8437630092096621
lancey.pdf;france;0.999974941036427;9.322331719382907e-06;0.999974941036427;6.717466192193808e-06;9.019165661323666e-06
laserco.pdf;benelux;0.9999848874011973;0.9999848874011973;2.7634244738107577e-06;3.6435013933604e-06;8.705672935519525e-06
latannerievegetale.pdf;france;0.9999719066493907;1.884926518558261e-05;0.9999719066493907;7.115449598143027e-06;2.1286358255800275e-06
leviathandynamics2.pdf;france;0.9999955356660234;1.254308403304058e-06;0.9999955356660234;8.720494517045727e-07;2.3379761217933497e-06
lichens.pdf;france;0.9999949595914823;4.865658815988309e-06;0.9999949595914823;2.1143792678368164e-08;1.5360590881843912e-07
lionvolt.pdf;benelux;0.9999923589651666;0.9999923589651666;2.716314428165385e-07;2.9900922141175973e-06;4.379311176500148e-06
lithcote.pdf;benelux;0.9999922191241464;0.9999922191241464;1.184507531396165e-06;6.344574620274665e-06;2.5179370186331936e-07
litherm.pdf;germany;0.9999892699782631;1.0408903732333652e-06;8.369031301582942e-06;0.9999892699782631;1.3201000619712082e-06
maana.pdf;benelux;0.9999505954517048;0.9999505954517048;1.3806908946596873e-05;9.885879471567498e-07;3.460905140157002e-05
machine2humansolutions.pdf;germany;0.9999976740412833;1.787794531657694e-06;1.5905821895402334e-07;0.9999976740412833;3.791059661412072e-07
magreesource.pdf;france;0.9999989888355963;3.7422233266456147e-07;0.9999989888355963;2.8210995670891515e-07;3.548321141611009e-07
manaa.pdf;benelux;0.9999593378024068;0.9999593378024068;1.9364673260300655e-05;6.222123148059538e-06;1.507540118472139e-05
mantispectra.pdf;benelux;0.9999628404544063;0.9999628404544063;2.232892272104181e-05;2.490369616220598e-06;1.2340253256562564e-05
mariepoppies.pdf;benelux;0.9999739470904209;0.9999739470904209;2.4957696222099238e-05;2.241605179325763e-07;8.710528391439289e-07
matvision.pdf;benelux;0.9999970147710385;0.9999970147710385;2.705235458399062e-06;2.766446797744846e-07;3.3488234615379547e-09
mcve.pdf;france;0.9999845108381078;1.3042121073325116e-05;0.9999845108381078;1.1634644510757665e-06;1.2835763680065064e-06
mcve3.pdf;france;0.9999937672183583;4.3035107112730995e-06;0.9999937672183583;1.3561678167257291e-06;5.731031135154213e-07
mcve4.pdf;france;0.999980147779709;1.636856618828363e-05;0.999980147779709;2.0830047371219833e-06;1.400649365487218e-06
meam.pdf;benelux;0.9999938932122445;0.9999938932122445;3.5107433704971373e-06;6.704546052972633e-07;1.9255897796610793e-06
mecabotix.pdf;france;0.9999733878989536;1.1491975243253322e-05;0.9999733878989536;1.964147937351854e-07;1.4923711009465531e-05
mecawareA.pdf;france;0.9999951202060515;4.278932563074202e-06;0.9999951202060515;3.077181847466431e-07;2.931432004252082e-07
metaliq.pdf;germany;0.9999968162946927;2.906178130361058e-07;1.3896918257968392e-07;0.9999968162946927;2.7541183115980066e-06
mirsense.pdf;france;0.9999695242076269;9.779714756282534e-06;0.9999695242076269;1.4016255547403735e-05;6.679822069562717e-06
mitis.pdf;benelux;0.9999689749607144;0.9999689749607144;2.1481527444084576e-05;3.3532796435822247e-06;6.190232197858227e-06
mobenergy.pdf;france;0.999986731350718;1.2646274803820022e-05;0.999986731350718;3.0690164775508775e-07;3.1547283039668506e-07
mobilitywork.pdf;france;0.9999696695285725;1.866908708223547e-05;0.9999696695285725;8.490736955007857e-06;3.170647390526377e-06
mobito.pdf;benelux;0.9999659630052128;0.9999659630052128;2.0648370460196786e-05;2.2001118265459087e-06;1.1188512500413617e-05
moiz.pdf;france;0.9999906747655202;7.004642279335362e-06;0.9999906747655202;1.3509906215237633e-06;9.696015787376721e-07
molecularplasmagroup.pdf;benelux;0.9999983074245002;0.9999983074245002;9.603010385281988e-07;1.4805049519479373e-07;5.842239660834071e-07
muodim.pdf;france;0.9999973589073491;5.780820725760644e-07;0.9999973589073491;5.31512205747449e-07;1.5314983725867892e-06
myjiminy.pdf;france;0.9999940094190305;2.7499522818017306e-06;0.9999940094190305;1.1084372623256068e-06;2.1321914254267973e-06
nanoz.pdf;france;0.9999099915642424;7.479897893378996e-05;0.9999099915642424;6.399617206748592e-06;8.809839616935136e-06
nature2need.pdf;germany;0.9999808653385671;4.684190130764459e-06;9.820474829697206e-06;0.9999808653385671;4.629996472359495e-06
neextengineering.pdf;france;0.9999946489137749;5.0816775807665855e-06;0.9999946489137749;6.320249994992211e-08;2.0620614458785808e-07
nestwave.pdf;france;0.9999824069624759;1.5863043042113887e-05;0.9999824069624759;1.0103615406841455e-06;7.196329413362563e-07
neurala.pdf;other;0.9999937769213826;3.958057100052864e-06;1.8090141813655441e-06;4.56007336004977e-07;0.9999937769213826
nextind.pdf;other;0.9999879812882424;3.879518853633308e-06;5.125914830927869e-06;3.013278072884992e-06;0.9999879812882424
nexwafe.pdf;germany;0.9999838377545751;3.5474732070411483e-06;7.687103942220624e-06;0.9999838377545751;4.927668275595757e-06
nexxoil.pdf;germany;0.9999844653132852;6.4122457584353524e-06;5.358850816056645e-06;0.9999844653132852;3.7635901403427253e-06
nexxtlab.pdf;benelux;0.9999587321616557;0.9999587321616557;3.852264102762273e-05;2.7214374152672234e-06;2.375990138024529e-08
nimbleone.pdf;france;0.9999982786870569;9.099312755115702e-08;0.9999982786870569;2.110851532913072e-08;1.6092113002401683e-06
nimesis.pdf;france;0.9999948996435074;1.8489664087705799e-06;0.9999948996435074;5.481412791954132e-07;2.703248804706022e-06
novacarbon.pdf;france;0.9999983843955631;7.127145127396594e-07;0.9999983843955631;1.8522951757815877e-07;7.176604064820675e-07
novali3.pdf;benelux;0.999997949611824;0.999997949611824;3.0287807795465985e-07;1.1108824270874633e-07;1.6364218554413303e-06
novocycle.pdf;other;0.9999868273093828;7.5735666743025574e-06;4.131874451439074e-06;1.4672494915400927e-06;0.9999868273093828
novomof.pdf;other;0.9999909403025532;4.650173987001874e-06;3.0338634528758794e-06;1.375660007066259e-06;0.9999909403025532
obeia.pdf;france;0.9999991943515572;6.365042503012785e-07;0.9999991943515572;1.1538547229524899e-07;5.3758720147574377e-08
octofan.pdf;france;0.9999975110223664;1.3384068418652479e-06;0.9999975110223664;3.3286005163751877e-07;8.17710739993377e-07
oghji.pdf;other;0.990815734872023;0.0011960489161950386;0.007839132214300484;0.00014908399748143227;0.990815734872023
ollow.pdf;france;0.9999995421578713;1.5218247440638448e-08;0.9999995421578713;3.548890962124192e-07;8.773478499816527e-08
onewatt.pdf;benelux;0.9999905388490247;0.9999905388490247;6.821717662393787e-06;1.5915163844909427e-06;1.0479169284653255e-06
oppr.pdf;benelux;0.9999771225320574;0.9999771225320574;5.019520568754317e-06;1.6692909302481675e-05;1.165038071350631e-06
otiv.pdf;benelux;0.9999886984984545;0.9999886984984545;7.5283745130992434e-06;1.611980659787608e-06;2.1611463727229477e-06
otiv2.pdf;benelux;0.9999769993789008;0.9999769993789008;1.2659668415559764e-05;6.144392493022102e-06;4.196560190554722e-06
ouat!.pdf;benelux;0.9999578900895862;0.9999578900895862;2.0984463746040414e-05;1.5643806336985598e-05;5.481640330838474e-06
oxylum.pdf;benelux;0.9999940793592272;0.9999940793592272;1.944081141028166e-06;2.463923144776931e-06;1.5126364868138563e-06
packwise.pdf;germany;0.9999932501585158;5.2306959335776664e-06;4.160103069688547e-07;0.9999932501585158;1.1031352434952916e-06
pathrobotics.pdf;other;0.9999879959000283;5.086079635727717e-06;2.7454158340765244e-06;4.172604501867648e-06;0.9999879959000283
pepps.pdf;benelux;0.9999576682082125;0.9999576682082125;1.787868573294782e-05;1.817739008844855e-05;6.2757159662134595e-06
phoenixai.pdf;benelux;0.9999992382447221;0.9999992382447221;4.190846018460456e-07;2.1031453905749616e-07;1.323561372386971e-07
phytonics.pdf;germany;0.9999716441033228;3.331049953077968e-06;1.2786703540222886e-05;0.9999716441033228;1.2238143183850175e-05
polypea.pdf;benelux;0.9998993715643969;0.9998993715643969;8.35025541099707e-05;6.568614960656691e-06;1.0557266532266483e-05
powerlubecontrol.pdf;benelux;0.9999723322167158;0.9999723322167158;2.7485807472713224e-05;9.234710110021506e-08;8.962871054024836e-08
pozyx.pdf;benelux;0.9999954917203686;0.9999954917203686;2.279318274431334e-07;4.4551452787149233e-07;3.8348332760132215e-06
propellane.pdf;france;0.9999961245660214;3.2773126298444824e-06;0.9999961245660214;9.19364073356236e-09;5.8892770811568e-07
purenat2.pdf;france;0.9999606906648113;2.0957468881906123e-05;0.9999606906648113;1.2165986278964159e-05;6.1858800278958365e-06
pydro.pdf;germany;0.999848637072835;0.00011085022238821075;3.299557346074958e-05;0.999848637072835;7.517131316101393e-06
qualitics.pdf;benelux;0.9999759888677002;0.9999759888677002;2.372017340160385e-05;2.8774802578245754e-07;3.2108723660676956e-09
reeverse.pdf;france;0.9999997915741704;1.4498357135462107e-07;0.9999997915741704;2.8676579802880042e-08;3.476567832895626e-08
rein4ced.pdf;benelux;0.9999923848363834;0.9999923848363834;5.147274008763965e-07;6.154926113742601e-06;9.455101018923789e-07
rejuice.pdf;benelux;0.9999949766841558;0.9999949766841558;5.805953939891549e-07;6.76602052032085e-07;3.766118398193672e-06
renewind.pdf;benelux;0.999997399414867;0.999997399414867;2.1931888508257157e-06;3.478186152699926e-07;5.9577666860502676e-08
replace.pdf;france;0.9999820832297247;1.10905407423009e-05;0.9999820832297247;4.535884698294031e-06;2.290344834604584e-06
ridergy.pdf;germany;0.9999816272667044;1.329183299068481e-05;7.749960729867055e-07;0.9999816272667044;4.3059042319093216e-06
rift.pdf;benelux;0.9999422543414963;0.9999422543414963;1.1443121951902556e-05;2.5434484647857312e-05;2.0868051903851162e-05
roav7.pdf;france;0.9999872370094779;1.980438770256598e-06;0.9999872370094779;4.953895086679811e-08;1.0733012800952988e-05
rosi.pdf;france;0.9999806400162861;1.1144626282779577e-05;0.9999806400162861;2.3782965779391253e-06;5.83706085317209e-06
roth2.pdf;france;0.9999964345154775;7.803772509549057e-07;0.9999964345154775;2.199414077467889e-06;5.856931940764948e-07
rovenso.pdf;other;0.9999879687121892;6.766896574495157e-06;4.394601847320892e-06;8.697893890179576e-07;0.9999879687121892
sakowin.pdf;france;0.9999867882522004;8.499265496968443e-06;0.9999867882522004;1.3521579604283385e-06;3.3603243419612146e-06
saturnetechnology.pdf;benelux;0.9999501135370598;0.9999501135370598;2.1620618777731676e-05;9.208047963246585e-06;1.9057796199187842e-05
senergetics.pdf;benelux;0.9999824796322541;0.9999824796322541;3.157974109650741e-06;1.0854369842306877e-05;3.5080237940198793e-06
senodis.pdf;germany;0.9999909356246952;1.695172619059081e-06;2.1483361337411267e-06;0.9999909356246952;5.220866551961299e-06
senorics.pdf;germany;0.999986022884117;4.3383487490938785e-06;7.703441445712854e-06;0.999986022884117;1.9353256883133356e-06
senseven.pdf;other;0.9999819184282581;6.1123208686941975e-06;5.536198097400404e-07;1.1415631063335492e-05;0.9999819184282581
sereema.pdf;france;0.9999953799003569;4.641396440668489e-07;0.9999953799003569;4.015292793102928e-06;1.40667205669494e-07
sesam.pdf;france;0.9999853147685219;7.052293817028132e-06;0.9999853147685219;6.5271407355757865e-06;1.105796925527078e-06
shayp.pdf;benelux;0.9999607275953352;0.9999607275953352;3.411216474615348e-05;4.193866616129485e-06;9.663733025223982e-07
sironatechnologies.pdf;benelux;0.9999855926672037;0.9999855926672037;7.400217331131841e-06;5.18543214240447e-06;1.8216833228523378e-06
skydrone.pdf;france;0.9999956537450538;3.4235981398659016e-07;0.9999956537450538;4.4073901402661443e-08;3.959821230728238e-06
sogilis.pdf;france;0.9999671524308449;2.4202654319670623e-05;0.9999671524308449;7.487297476094539e-06;1.1576173592793736e-06
soluterials.pdf;germany;0.9999917586032372;4.071799461879148e-06;7.230194496984356e-07;0.9999917586032372;3.4465778513398817e-06
soomiq.pdf;germany;0.9999870144782488;6.42792257718758e-07;1.0807049408542706e-05;0.9999870144782488;1.5356800849525742e-06
spark2.pdf;france;0.9999745676736562;4.085110942122797e-07;0.9999745676736562;1.775116649243641e-05;7.272648757143605e-06
spotlight.pdf;france;0.9999961663164558;1.4031565849223463e-06;0.9999961663164558;2.4860354169805433e-07;2.1819234175971497e-06
spreeinteractive.pdf;germany;0.9999853827267646;8.247185136210813e-06;4.485653396401811e-06;0.9999853827267646;1.8844347028686429e-06
squairtech.pdf;france;0.9999530924868317;3.127735982684988e-05;0.9999530924868317;7.281338708485155e-06;8.348814632701238e-06
staaq.pdf;france;0.9999849827392712;6.357690034272857e-06;0.9999849827392712;2.925520585868844e-06;5.734050108839664e-06
stabilogreen.pdf;benelux;0.9999765223383001;0.9999765223383001;2.3281915319883872e-05;1.3102566090266349e-07;6.472071904022774e-08
starcopter.pdf;germany;0.9999876495226883;3.3431385764295245e-06;6.9702561906722914e-06;0.9999876495226883;2.0370825446139474e-06
stargate.pdf;other;0.9999608336888617;1.8176699590255528e-05;9.440988545723113e-06;1.1548623002361399e-05;0.9999608336888617
storh.pdf;other;0.9999924950936983;5.393213891007814e-07;6.7648116759532425e-06;2.0077323669599562e-07;0.9999924950936983
sublimeenergie.pdf;france;0.9999989220899806;4.87313246855401e-07;0.9999989220899806;2.8293436014109615e-07;3.0766241236943967e-07
sunlion.pdf;benelux;0.9999819407939402;0.9999819407939402;1.772688398543082e-05;6.75770785971254e-08;2.6474499581360536e-07
sunmaxx.pdf;germany;0.9999904688412083;1.4085170608648333e-06;6.243968727479812e-06;0.9999904688412083;1.8786730034633043e-06
sunmaxx2.pdf;germany;0.9999858634198535;1.9966606974766715e-06;7.780840064876796e-06;0.9999858634198535;4.359079384184469e-06
supairvision.pdf;france;0.999682547119689;9.890340215127526e-05;0.999682547119689;3.6612742861402716e-05;0.0001819367352983778
swanh.pdf;france;0.999958805831952;1.2829360190820535e-05;0.999958805831952;6.741163199951456e-06;2.162364465739267e-05
swoopenergy.pdf;france;0.9999313000049953;1.657000835546963e-05;0.9999313000049953;5.093028779573791e-06;4.703695786974895e-05
sylfen.pdf;france;0.9999788936502669;5.953796639214691e-07;0.9999788936502669;1.4540471137445736e-05;5.970498931966798e-06
teeptrak2.pdf;france;0.9999856345996944;1.4074946118183568e-05;0.9999856345996944;2.149306723307946e-07;7.552351520037704e-08
terakalis.pdf;france;0.9484273143691861;0.05157165930196405;0.9484273143691861;1.9345358055758047e-07;8.328752690296991e-07
teratonics.pdf;france;0.9999915460909435;1.19306631402817e-06;0.9999915460909435;3.4556230889471297e-06;3.8052196535115592e-06
theyeq.pdf;france;0.9999824269403104;1.560579467824956e-05;0.9999824269403104;6.903233883256899e-07;1.2769416230530288e-06
threedy.pdf;germany;0.9999776643081855;3.8994681624254986e-06;1.756326611408111e-05;0.9999776643081855;8.729575381366931e-07
tiamat.pdf;france;0.9999982530959107;7.099074786712824e-07;0.9999982530959107;9.838277519055902e-07;5.316885859947e-08
tihive.pdf;france;0.9999523246802632;1.9805666910125836e-05;0.9999523246802632;2.0330147709184416e-05;7.5395051173565045e-06
torwash.pdf;benelux;0.9999582918131075;0.9999582918131075;2.036173292069725e-05;7.969147575513327e-06;1.3377306396207504e-05
tozero.pdf;germany;0.9999936132967386;2.0744942770120153e-06;3.5332801599602828e-06;0.9999936132967386;7.789288244550649e-07
tractonomy.pdf;benelux;0.9999882777346597;0.9999882777346597;5.97406958252794e-06;1.6495880868134447e-06;4.0986076709426885e-06
turbit.pdf;germany;0.9999917604897259;2.7751423141197208e-06;2.7586171927862014e-06;0.9999917604897259;2.7057507670293495e-06
turbulent.pdf;benelux;0.9999927606523313;0.9999927606523313;1.0537125959268878e-06;3.195227941450641e-06;2.990407131152569e-06
twikit.pdf;benelux;0.9999851768791653;0.9999851768791653;1.3286690078690353e-06;1.954914054669952e-06;1.1539537772026433e-05
twinsity.pdf;germany;0.9999853750720976;4.118037764151087e-06;1.426827934898632e-06;0.9999853750720976;9.080062203375036e-06
uavia.pdf;france;0.999975056200102;1.569378457489399e-05;0.999975056200102;1.1190411819817696e-06;8.130974141196643e-06
uware.pdf;benelux;0.9999956931119054;0.9999956931119054;5.384958635685817e-07;2.0559031688887092e-06;1.7124890622591589e-06
uware2.pdf;benelux;0.9999956931119054;0.9999956931119054;5.384958635685817e-07;2.0559031688887092e-06;1.7124890622591589e-06
uze.pdf;benelux;0.9999837874887614;0.9999837874887614;3.584305242745337e-06;5.340906928145468e-06;7.287299067714096e-06
v2i.pdf;benelux;0.9999771780606305;0.9999771780606305;2.2719056378802225e-05;5.161489539830295e-09;9.772150111839597e-08
variolytics.pdf;germany;0.9999914896455684;7.126802104740086e-06;4.813292438517392e-07;0.9999914896455684;9.022230829354407e-07
vernaio.pdf;germany;0.9999927012759017;2.3357751558496375e-06;1.1282745567749156e-06;0.9999927012759017;3.8346743857347516e-06
viridianlithium.pdf;france;0.9999951541996861;1.16797736542802e-06;0.9999951541996861;6.905485693113787e-07;2.9872743790473763e-06
visiontechnology.pdf;france;0.9999560966069547;5.613218243060223e-06;0.9999560966069547;3.012024678650393e-05;8.169928015632563e-06
visplore.pdf;other;0.9999760077808615;2.2340865330827827e-06;1.4202784575346712e-07;2.1616104759756596e-05;0.9999760077808615
vocsens.pdf;benelux;0.9999946864988507;0.9999946864988507;1.98138840333706e-06;2.780067170938478e-06;5.52045574905346e-07
voleatech.pdf;germany;0.9999843895119805;2.2721311906002546e-06;1.1320526551153794e-05;0.9999843895119805;2.0178302776896966e-06
vulkam.pdf;france;0.9999872788716551;7.893062032154428e-06;0.9999872788716551;3.232071686729367e-06;1.595994625959102e-06
