doc;predicted_country;confidence;proba_autres;proba_benelux;proba_france;proba_germany
247energy.pdf;benelux;0.9999920260150306;7.47331536188524e-06;0.9999920260150306;4.0514093081602654e-07;9.552867678997094e-08
actronika.pdf;france;0.5178666906269034;0.14947844213321165;0.20857431511254482;0.5178666906269034;0.12408055212734022
adlatusrobotics.pdf;germany;0.9999972619094133;9.94203221458384e-07;4.1695200513116544e-07;1.3269353601676351e-06;0.9999972619094133
adlc.pdf;benelux;0.9999980615562406;1.0742241304545281e-06;0.9999980615562406;6.745684345772101e-07;1.896511942544658e-07
aerleum.pdf;france;0.9999723562737601;1.2141427803134392e-05;9.91080779002121e-06;0.9999723562737601;5.591490646645957e-06
aiblox.pdf;benelux;0.9999630663630428;4.388367074097013e-06;0.9999630663630428;8.06383496268289e-06;2.448143492037058e-05
airbooster.pdf;france;0.9594649857958751;0.03747597092208345;0.0029695090287924896;0.9594649857958751;8.953425324894512e-05
aircision.pdf;benelux;0.9999820841401682;4.435926142038578e-06;0.9999820841401682;4.334018374012904e-06;9.145915315826676e-06
airthium.pdf;autres;0.999984293037771;0.999984293037771;4.968196261342762e-06;8.194716809251038e-06;2.5440491585536113e-06
aithra.pdf;france;0.999992710746399;3.4970192848924367e-06;2.957416199967419e-06;0.999992710746399;8.34818116337508e-07
akryvia.pdf;france;0.852618047761247;0.10884508540460905;0.010930755475931312;0.852618047761247;0.027606111358212494
akvola.pdf;germany;0.7336588697341329;0.002766559954856041;0.2633237483334364;0.00025082197757472736;0.7336588697341329
alberts.pdf;benelux;0.999979801733954;9.578014710447587e-06;0.999979801733954;6.76375129995588e-06;3.856500035472416e-06
aloecell.pdf;benelux;0.8371216508365015;0.1323839434476394;0.8371216508365015;0.008094683763989762;0.022399721951869525
alouette.pdf;france;0.9999737190771081;2.656246160757982e-06;2.33668229627752e-05;0.9999737190771081;2.57853768252894e-07
aloxy.pdf;benelux;0.9999460596354436;2.1662364962796702e-05;0.9999460596354436;1.9673733074796026e-05;1.2604266518761167e-05
altosolution.pdf;france;0.9999808848591504;1.52932251187494e-05;3.183386781015353e-06;0.9999808848591504;6.385289499938604e-07
altransenergy.pdf;france;0.9999922602947532;4.3681895491745705e-07;6.842668171121861e-06;0.9999922602947532;4.6021812067296353e-07
amethyste.pdf;france;0.9999714874196578;7.481434776056424e-06;1.0292988275629468e-05;0.9999714874196578;1.0738157290363247e-05
amflow.pdf;benelux;0.9999905320443213;7.387634766282185e-06;0.9999905320443213;4.2430019088354066e-07;1.6560207215912898e-06
amiraltechnologies.pdf;france;0.9999882258244421;3.262083840603606e-07;4.1542625552214137e-07;0.9999882258244421;1.1032540918331836e-05
anabrid.pdf;germany;0.9999842452382649;1.9489692633383027e-06;1.3142208176938026e-05;6.635842948658106e-07;0.9999842452382649
ananke.pdf;france;0.9999970754113855;3.786049387564652e-07;4.485686871459625e-07;0.9999970754113855;2.0974149886973137e-06
angara.pdf;germany;0.45056523675884924;0.089568755578363;0.39778674935280395;0.062079258309983974;0.45056523675884924
anisoprint.pdf;benelux;0.5335835837946591;0.4641187843887256;0.5335835837946591;0.0011396271375528786;0.0011580046790624606
appsilon.pdf;benelux;0.9999672274801306;2.6791877900328623e-05;0.9999672274801306;2.5151046779313028e-06;3.4655372910241493e-06
aprexsolutions.pdf;france;0.9999951120443551;3.2365256247122645e-06;9.2175730627281e-07;0.9999951120443551;7.296727139273739e-07
aquilae.pdf;france;0.9999814923289503;5.20833690957405e-06;1.146802589784324e-05;0.9999814923289503;1.831308242244017e-06
aredox.pdf;france;0.9999768809981949;2.2514358104808446e-05;3.0690185491912676e-07;0.9999768809981949;2.977418453128947e-07
arkcapturesolutions.pdf;benelux;0.9999763123937576;5.994269828090837e-06;0.9999763123937576;6.240776300022644e-06;1.1452560114279654e-05
arkeocean.pdf;france;0.9999856824302303;9.452600491286607e-06;4.5605009328171295e-06;0.9999856824302303;3.0446834549531316e-07
askforthemoon.pdf;france;0.9999971352469855;2.9438869930639085e-07;2.046729761403954e-06;0.9999971352469855;5.236345538443496e-07
askforthemoon2.pdf;france;0.9999482398195564;1.9976340236333356e-05;1.7858431383958788e-05;0.9999482398195564;1.3925408823257435e-05
astriis.pdf;france;0.9999954940213196;3.729627527569438e-06;5.762933910499113e-07;0.9999954940213196;2.0005776174769526e-07
atmocoat.pdf;germany;0.9999857752026333;3.1655595557473555e-06;9.6408135990822e-06;1.418424211844566e-06;0.9999857752026333
avoxt.pdf;benelux;0.9999586450431244;1.0332660478108944e-05;0.9999586450431244;1.1962382839594674e-06;2.982605811368163e-05
awakemobility.pdf;france;0.5187310365890118;0.3279882566835193;0.12372047280320857;0.5187310365890118;0.0295602339242604
azteq.pdf;benelux;0.9999812569728121;4.233353452926327e-06;0.9999812569728121;8.301676885786954e-07;1.3679506046123571e-05
azteq2.pdf;benelux;0.9999991965002274;4.532569298738166e-07;0.9999991965002274;2.489369627875937e-07;1.0130587978712121e-07
batiprint3d.pdf;france;0.9999995024033479;7.570017205489873e-08;3.9105408993725144e-07;0.9999995024033479;3.084239024703252e-08
beagle.pdf;autres;0.9999855664988071;0.9999855664988071;2.9920015207656194e-06;3.884469231285032e-07;1.1053052748796204e-05
bianergy2.pdf;benelux;0.9999843272581858;6.635177788429798e-06;0.9999843272581858;1.0284112877787658e-06;8.009152737914331e-06
biocide.pdf;autres;0.999980243720321;0.999980243720321;8.705295854744185e-06;8.787795434275365e-06;2.2631883899923346e-06
blixt.pdf;autres;0.9999643676384055;0.9999643676384055;1.1113777596233768e-05;2.204935334736594e-05;2.4692306507679366e-06
bloom.pdf;autres;0.9999814372903426;0.9999814372903426;4.069098040200898e-06;5.158759184742279e-06;9.334852432582338e-06
bluepowersynergy.pdf;benelux;0.9999873264576634;7.133297219880819e-06;0.9999873264576634;4.717514438041114e-06;8.227306786807294e-07
bondzai.pdf;france;0.9999544933895852;2.355621244881254e-05;2.0619373308876464e-05;0.9999544933895852;1.3310246570532032e-06
bonidriver.pdf;germany;0.9999831070496512;3.091028715726081e-06;1.1371622998589928e-05;2.4302986344741468e-06;0.9999831070496512
borealesenergy.pdf;france;0.9999847359169133;7.20514759604284e-06;7.727081211124333e-06;0.9999847359169133;3.318542795568168e-07
brighterbins.pdf;benelux;0.9999982057563067;1.6733020560058369e-06;0.9999982057563067;9.401149466370263e-08;2.6930142653590778e-08
brolz.pdf;benelux;0.9325803228945111;7.2811275372374884e-06;0.9325803228945111;0.06741201499377164;3.809841801553039e-07
bulane.pdf;france;0.9999963225742924;2.7987958387140764e-06;5.16546305180044e-07;0.9999963225742924;3.620835635447942e-07
carbodown.pdf;france;0.9999939566148862;1.7454517875354072e-06;4.11046475983575e-06;0.9999939566148862;1.8746856642826013e-07
carbon8.pdf;autres;0.9999901638043285;0.9999901638043285;2.021113179406278e-06;7.304602135265946e-07;7.084622278677281e-06
carbyon2.pdf;autres;0.9999886426543263;0.9999886426543263;8.03755625725435e-06;1.107921703507599e-06;2.211867712992523e-06
chemalive.pdf;autres;0.9999946597834555;0.9999946597834555;2.8062830758476774e-06;1.6607467055408072e-06;8.731867631282227e-07
chemicalnewtech.pdf;autres;0.9999886785307056;0.9999886785307056;5.9743143649281615e-06;1.923810775148151e-06;3.42334415435433e-06
cilkoa.pdf;france;0.9999743710190085;4.768197502805179e-06;1.4569664170311577e-05;0.9999743710190085;6.291119318280393e-06
cixten.pdf;france;0.9999911859529329;6.284930997136084e-07;4.874041117846378e-07;0.9999911859529329;7.69814985541307e-06
clhynn.pdf;france;0.9999950372172942;1.1026970266222574e-06;3.764102776126093e-06;0.9999950372172942;9.59829029895664e-08
cognifab.pdf;france;0.9999766373940596;7.737554550849474e-07;5.962223729033942e-06;0.9999766373940596;1.6626626756301098e-05
coldpad.pdf;france;0.9999835059291986;8.841012909785224e-06;7.12027406244204e-06;0.9999835059291986;5.327838291319909e-07
coldpad2.pdf;france;0.9999995872085871;8.904480901990757e-08;2.457476071504988e-07;0.9999995872085871;7.799899686755852e-08
companionenergy.pdf;benelux;0.9999991390258866;2.3968513083447363e-07;0.9999991390258866;3.52316861975866e-07;2.689721208086668e-07
comppair.pdf;autres;0.9999833446422687;0.9999833446422687;3.965517669444591e-06;3.3933835321406015e-06;9.296456529612313e-06
comsens.pdf;benelux;0.9999731833530046;4.598643770776953e-06;0.9999731833530046;3.7454554223545123e-06;1.847254780226384e-05
condugo.pdf;benelux;0.9999971911518206;4.443186755609336e-07;0.9999971911518206;2.3540493253133543e-06;1.0480178602707899e-08
cosmotech.pdf;france;0.9999493062066437;2.548076420685684e-05;1.7306532643835908e-05;0.9999493062066437;7.906496505476905e-06
covess.pdf;benelux;0.999981776295787;8.195301689017537e-06;0.999981776295787;8.573903958920447e-06;1.4544985650515278e-06
credoxys.pdf;germany;0.999992116584866;3.3100405659136188e-06;1.0519822515595186e-06;3.5213923166636e-06;0.999992116584866
ctrlenergy.pdf;france;0.9999582024444806;1.80779464722309e-05;2.0161683830774415e-05;0.9999582024444806;3.55792521648177e-06
cybus.pdf;germany;0.9999830642467966;9.533265509754938e-06;6.352036830597793e-06;1.0504508629781172e-06;0.9999830642467966
dacma.pdf;germany;0.9999857199137538;1.733303890130698e-06;1.025328997435748e-05;2.293492381698836e-06;0.9999857199137538
deephawk.pdf;france;0.9999829812397606;2.3056050642009404e-07;7.267981892129809e-07;0.9999829812397606;1.6061401543619858e-05
deloq.pdf;benelux;0.9999890922947244;2.3652619002428154e-06;0.9999890922947244;4.690802322381765e-06;3.851641052981928e-06
diamfab.pdf;france;0.9999955618442806;9.35281613816105e-07;2.6327244304882875e-06;0.9999955618442806;8.701496750402901e-07
dimpora.pdf;autres;0.9999929261074288;0.9999929261074288;1.6546553403910965e-06;5.880264455261087e-07;4.831210785162985e-06
dionymer.pdf;france;0.9999969659526802;8.172236503771612e-07;1.744571190672351e-07;0.9999969659526802;2.0423665503987375e-06
dotocean.pdf;benelux;0.9999729141274635;1.3315903790663371e-05;0.9999729141274635;1.3079899904277064e-05;6.900688415725808e-07
dragonflypads2.pdf;france;0.9999817390909341;1.0375278550255903e-05;5.774425107494975e-06;0.9999817390909341;2.1112054081111328e-06
dronematrix.pdf;benelux;0.9999995735694529;2.3720331911664982e-08;0.9999995735694529;3.4278470647367647e-07;5.992550854794273e-08
dropslab.pdf;benelux;0.9999854487871607;6.185400204725575e-06;0.9999854487871607;5.561394596190235e-06;2.804418038469826e-06
dryad.pdf;germany;0.7565487737856312;0.18528373958186575;0.05703790906901905;0.0011295775634838656;0.7565487737856312
ecellix.pdf;autres;0.9999937157148423;0.9999937157148423;2.2793682205329083e-06;2.036062916512704e-06;1.9688540207614377e-06
echemicles.pdf;autres;0.9999895893573119;0.9999895893573119;6.624154417883341e-06;1.1384890256636182e-06;2.6479992446850156e-06
eco2grow.pdf;germany;0.9999718039910377;6.652489250756257e-06;1.7416001016280095e-05;4.1275186954126825e-06;0.9999718039910377
ecobot.pdf;autres;0.9999878666700014;0.9999878666700014;2.029839182133696e-06;9.693075340146863e-06;4.104154762099818e-07
ecop.pdf;germany;0.8375301742290887;0.09147046080461023;0.027204063644404586;0.043795301321896504;0.8375301742290887
edgetech.pdf;france;0.9999971432563024;1.7756868762227124e-07;8.093339658927947e-07;0.9999971432563024;1.869841044086475e-06
edock.pdf;benelux;0.9999975802097792;8.266030327025936e-08;0.9999975802097792;1.926400729550144e-06;4.107291878945022e-07
effectsphotonics.pdf;benelux;0.9301049492418471;8.599160667888627e-05;0.9301049492418471;0.0029341270614396922;0.06687493209003423
effitrax.pdf;benelux;0.999986494489271;2.196610750678798e-08;0.999986494489271;1.3153940169166304e-05;3.2960445218794945e-07
ehgroup.pdf;autres;0.9999820846215262;0.9999820846215262;4.3955862615807215e-06;3.761819308164255e-06;9.757972904206305e-06
electriq.pdf;autres;0.9999882326716387;0.9999882326716387;6.375690308977393e-06;2.841297544842965e-06;2.5503405074094287e-06
electrochaea.pdf;germany;0.9999873859442686;4.343367977991499e-06;5.392604435188896e-06;2.8780833181218976e-06;0.9999873859442686
elugie.pdf;benelux;0.9999874901254538;3.100459610739065e-06;0.9999874901254538;8.86536673532537e-06;5.440482000281046e-07
enadyne.pdf;germany;0.9999917318449053;4.7089084618320845e-06;2.9911042447515056e-06;5.681423881963404e-07;0.9999917318449053
enhywhere2.pdf;france;0.9999787492299318;8.289473445363564e-06;1.2115308935173777e-05;0.9999787492299318;8.459876875887718e-07
enosis.pdf;france;0.9999881134852343;2.7652995913415833e-07;3.5981900507926948e-06;0.9999881134852343;8.011794755701945e-06
enow.pdf;benelux;0.9999737016775786;6.00833871029313e-08;0.9999737016775786;2.1847538915928796e-05;4.390700118533459e-06
enprove.pdf;benelux;0.999989446192052;5.446756621567925e-07;0.999989446192052;8.574800490724499e-06;1.4343317951142364e-06
entent.pdf;france;0.999988906139472;7.750653023456946e-07;9.312470861051552e-06;0.999988906139472;1.0063243646397975e-06
entras.pdf;benelux;0.9999815314308466;9.715630305833718e-06;0.9999815314308466;1.1663138451310685e-06;7.586625002579436e-06
esnah.pdf;benelux;0.999997295145339;2.4619372869206135e-06;0.999997295145339;2.1560113550929962e-07;2.731623870892829e-08
eternalpower.pdf;germany;0.9999946458904849;1.3959249135877137e-06;1.915555199433396e-06;2.0426294021310778e-06;0.9999946458904849
ethernics.pdf;benelux;0.9999766517410518;2.4256764000441718e-06;0.9999766517410518;1.5111676347125092e-05;5.810906201056314e-06
everysens.pdf;france;0.999979156088794;7.47568396978177e-07;1.4674718698775698e-05;0.999979156088794;5.421624110425541e-06
exanodia.pdf;france;0.9961181494506135;0.003811678315507657;5.371008424837898e-05;0.9961181494506135;1.6462149630396966e-05
exomatter.pdf;germany;0.999972989191249;1.7419336911784094e-06;2.35478368574195e-05;1.721038202497597e-06;0.999972989191249
extracthive.pdf;france;0.9999958228943513;2.37598483755455e-06;1.1163066262017482e-07;0.9999958228943513;1.689490148439535e-06
farwind.pdf;france;0.9999919240450481;1.0823858024333407e-06;1.5802439023508336e-06;0.9999919240450481;5.413325247097428e-06
fibersail2.pdf;autres;0.9999224127359533;0.9999224127359533;3.995538349194489e-06;6.927438338331022e-05;4.31734231419709e-06
flasc.pdf;benelux;0.9999879031259412;8.200671289494269e-06;0.9999879031259412;4.397499034009399e-07;3.456452865871373e-06
flasc2.pdf;benelux;0.9999853082341943;7.435031476113806e-06;0.9999853082341943;2.3174024093608002e-06;4.939331920118232e-06
flyability.pdf;autres;0.9999892438594978;0.9999892438594978;1.8487201733902567e-06;8.42898631556577e-06;4.784340133504917e-07
flyability2.pdf;autres;0.9999877895580025;0.9999877895580025;8.513001829144305e-06;3.2502081023726574e-06;4.472320661380534e-07
followinspiration.pdf;autres;0.9999920385556371;0.9999920385556371;3.591943042321565e-06;4.0875357977945105e-06;2.81965522759152e-07
forecastyai.pdf;germany;0.9999893653969816;4.847079772405744e-07;9.34691422879682e-06;8.029808122961412e-07;0.9999893653969816
fountainfuel.pdf;benelux;0.9999927495387423;1.0876092777443533e-06;0.9999927495387423;1.915538342565234e-06;4.247313637367265e-06
genesink.pdf;france;0.9999698890879887;8.64342245993265e-06;5.7162609764529624e-06;0.9999698890879887;1.5751228574718244e-05
genhy.pdf;france;0.9999963888697264;4.3863651944922836e-07;1.5487601779980856e-06;0.9999963888697264;1.623733576339926e-06
geolith.pdf;france;0.9999925501197948;2.46352657580286e-06;4.869315673283976e-06;0.9999925501197948;1.1703795598524728e-07
getyourway.pdf;benelux;0.9999594166729991;2.426460895733935e-05;0.9999594166729991;1.5410088972329412e-05;9.08629071132655e-07
ghyga.pdf;france;0.9999969317644778;7.328075706053704e-07;1.0042576922920912e-06;0.9999969317644778;1.3311702592743437e-06
grandperspective.pdf;germany;0.9999923119942513;2.392993764925902e-06;1.8296382020308804e-06;3.465373781570589e-06;0.9999923119942513
gravithy.pdf;france;0.9999989758165502;1.2111889658765646e-07;8.268684209668503e-07;0.9999989758165502;7.61961321753808e-08
greengentech.pdf;france;0.999999687311372;1.5797787005739042e-07;1.1125850046087308e-07;0.999999687311372;4.345225743675898e-08
greenyenergyag.pdf;autres;0.9999851482837913;0.9999851482837913;3.1439543605018652e-06;5.936156565309807e-07;1.1114146191630008e-05
grizit.pdf;benelux;0.9999852487681521;4.095408756273878e-07;0.9999852487681521;1.6494364406461975e-06;1.2692254531518238e-05
grownbio.pdf;benelux;0.9999811400247834;9.244479097340408e-06;0.9999811400247834;6.709890689868077e-06;2.9056054292373614e-06
h2sys.pdf;france;0.9999850339128192;6.95136249648742e-07;3.738590551139074e-06;0.9999850339128192;1.0532360379997517e-05
hace.pdf;france;0.9999968455719686;1.176200744357208e-06;1.5721494650391881e-06;0.9999968455719686;4.060778221346878e-07
hawaitech.pdf;france;0.9999976279206283;8.120582728867681e-07;1.1465953723621382e-06;0.9999976279206283;4.134257265033693e-07
hbat.pdf;benelux;0.9999791263564171;1.0616629788676787e-05;0.9999791263564171;4.990350894268527e-06;5.266662900084618e-06
heliac.pdf;autres;0.9999884002296325;0.9999884002296325;4.814050474906411e-06;5.587289189400198e-06;1.1984307032497622e-06
heliup2.pdf;france;0.9999986762311666;4.5109545306659956e-08;7.716108291865779e-07;0.9999986762311666;5.070484590910536e-07
hevatech.pdf;france;0.999993567787395;6.613158952440232e-07;1.597534486098544e-06;0.999993567787395;4.173362223623965e-06
hexana.pdf;france;0.9999830646483345;1.021815610308901e-05;3.7584240624781646e-06;0.9999830646483345;2.958771499867498e-06
highline.pdf;germany;0.9999789354043628;4.562124996468826e-06;8.758056916153083e-06;7.744413724516412e-06;0.9999789354043628
hiqutediamond.pdf;france;0.9999955708329544;6.755065525902512e-07;3.0466158618919456e-06;0.9999955708329544;7.070446310779385e-07
hoeller.pdf;germany;0.9999903900064392;6.369682740776993e-06;2.9666052243072858e-06;2.737055958492305e-07;0.9999903900064392
holosolis.pdf;france;0.9999911925494885;6.819387510182307e-08;1.4133878578952153e-07;0.9999911925494885;8.597917850574683e-06
holy.pdf;germany;0.9986008497487803;8.330990530374211e-05;0.0013149746785289572;8.6566738696559e-07;0.9986008497487803
huskk.pdf;benelux;0.9999777101907529;1.0703581624853916e-06;0.9999777101907529;7.299848200178788e-08;2.114645260288136e-05
hysilabs.pdf;france;0.9999923131896015;3.1799013114580966e-06;3.4347450737525865e-06;0.9999923131896015;1.0721640134465235e-06
hyve.pdf;benelux;0.9999704248365434;2.9786737010116486e-06;0.9999704248365434;2.4429686481931182e-05;2.1668032737060825e-06
hywaves.pdf;autres;0.9999862562056807;0.9999862562056807;4.087505795815202e-06;5.867410835990947e-06;3.7888776874484323e-06
icodos.pdf;germany;0.9999784137404496;3.4352348441124834e-06;7.333542644795554e-06;1.081748206145883e-05;0.9999784137404496
imsystems.pdf;benelux;0.9999728691179579;7.4794063448644455e-06;0.9999728691179579;7.642231976174786e-06;1.2009243721118058e-05
independentlivingbase.pdf;france;0.9999963747924061;2.7848102152984736e-06;8.169794560044356e-07;0.9999963747924061;2.3417922584995572e-08
ineratec.pdf;germany;0.9999948683368922;6.130926133671105e-08;4.69225756821671e-06;3.780962781143118e-07;0.9999948683368922
infiniciag.pdf;france;0.47914649228824063;0.1179436045872377;0.28871381500018545;0.47914649228824063;0.11419608812433618
inflights.pdf;benelux;0.9999798442583301;7.012310722580517e-06;0.9999798442583301;1.0532774989811061e-05;2.6106559576346048e-06
infrasolid.pdf;germany;0.9999877042162266;8.256845247550378e-06;3.5258203685495964e-06;5.131181573865699e-07;0.9999877042162266
inphocal.pdf;benelux;0.9999764047718256;3.627277903366384e-06;0.9999764047718256;1.0287904591633858e-05;9.680045679692044e-06
insens.pdf;benelux;0.9999867931455954;1.4810292970094803e-07;0.9999867931455954;1.0422040485169744e-05;2.6367109896223757e-06
intelligentfluids.pdf;germany;0.9999874489765845;2.327061226397102e-06;3.4464541205360986e-06;6.777508068649948e-06;0.9999874489765845
internest.pdf;france;0.9999779800640841;1.6259732314950076e-05;5.724682953859439e-06;0.9999779800640841;3.552064696409094e-08
inuse.pdf;france;0.9999445694375307;3.037324877447057e-05;1.904816234137528e-05;0.9999445694375307;6.009151353452992e-06
ionics.pdf;france;0.8374474508312743;0.10349540271143406;0.05902450202368154;0.8374474508312743;3.264443361014962e-05
ipsumtek.pdf;france;0.9999931687124303;1.7198867107521243e-06;4.539478051470402e-06;0.9999931687124303;5.71922807343555e-07
iqunet.pdf;benelux;0.9999923148026433;4.125434369002173e-06;0.9999923148026433;6.058901665777406e-07;2.953872821222039e-06
istya.pdf;france;0.9999792186875411;2.78287510636359e-06;1.7943268371278523e-05;0.9999792186875411;5.516898096572987e-08
japet.pdf;france;0.9920578670927744;0.00016085553976768243;0.007765701852361338;0.9920578670927744;1.557551509645342e-05
keeyaerogel.pdf;france;0.5323980745333002;0.40478453567107503;0.04400240530562325;0.5323980745333002;0.018814984490001626
keeyaerogel2.pdf;france;0.9991239903449529;0.0006110419190907066;8.307398406962266e-05;0.9991239903449529;0.00018189375188687343
keiron.pdf;benelux;0.9336500294135187;0.06334487346018776;0.9336500294135187;0.0023948715499692904;0.0006102255763242333
kemiwatt.pdf;france;0.9999970531995482;3.083161741445422e-07;2.5606989365231037e-06;0.9999970531995482;7.778534105957513e-08
kheoos.pdf;france;0.9999967120193923;1.1337621679741228e-06;1.735897358807735e-06;0.9999967120193923;4.183210808192881e-07
komugi.pdf;autres;0.7275580114157427;0.7275580114157427;0.0027376240488208347;0.268984533446595;0.0007198310888413301
kooping.pdf;france;0.9998722037453049;1.4946794092741823e-06;0.00012084932035291654;0.9998722037453049;5.452254932734128e-06
lancey.pdf;france;0.8802348083306111;0.08146298427616257;0.006474367605885742;0.8802348083306111;0.03182783978734079
laserco.pdf;benelux;0.9999854649503066;4.303028738696969e-06;0.9999854649503066;5.39732102462131e-06;4.834699930119735e-06
latannerievegetale.pdf;france;0.9800496069026683;0.00032075743284811257;0.007419431978581176;0.9800496069026683;0.012210203685902348
leviathandynamics2.pdf;france;0.9999989613014959;5.175068217372408e-07;4.988395573925358e-07;0.9999989613014959;2.2352124891695794e-08
lichens.pdf;france;0.9999973580755825;9.605201529047631e-07;1.2461419826510165e-06;0.9999973580755825;4.352622817643349e-07
lionvolt.pdf;benelux;0.9971900720573412;0.002702080909134358;0.9971900720573412;7.061754226779633e-05;3.722949125653052e-05
lithcote.pdf;benelux;0.9999955817112657;6.017607766175534e-07;0.9999955817112657;1.8161064038059513e-06;2.000421553990573e-06
litherm.pdf;germany;0.9999856366032467;3.7216859031506576e-06;1.265173826874061e-06;9.376537023219091e-06;0.9999856366032467
maana.pdf;benelux;0.9999779816865839;1.8199950302939245e-05;0.9999779816865839;3.6122248329280654e-06;2.061382802029701e-07
machine2humansolutions.pdf;germany;0.9999454892485234;6.864851899558801e-06;3.94856719106427e-05;8.16022766641161e-06;0.9999454892485234
magreesource.pdf;france;0.9999993845561295;7.018179251049919e-08;3.486054845976835e-07;0.9999993845561295;1.9665659348349352e-07
manaa.pdf;benelux;0.9999750763880478;1.0210430856088822e-05;0.9999750763880478;8.278675466335325e-06;6.434505629826452e-06
mantispectra.pdf;autres;0.5285699812671535;0.5285699812671535;0.02088488408230475;0.44946151584353555;0.0010836188070062528
mariepoppies.pdf;benelux;0.9979907276064269;1.1591456265406002e-05;0.9979907276064269;0.0019974783196545936;2.0261765304403143e-07
matvision.pdf;benelux;0.999998345756864;2.1516726317718305e-08;0.999998345756864;1.565097427074001e-06;6.762898275417338e-08
mcve.pdf;france;0.7108954759229554;0.1392592576243954;0.14874274372730628;0.7108954759229554;0.0011025227253430093
mcve3.pdf;france;0.9865205080286373;0.000940941108953668;0.012525791668682477;0.9865205080286373;1.275919372641541e-05
mcve4.pdf;france;0.9999845334005276;1.5694950887060296e-06;1.3758566588123138e-05;0.9999845334005276;1.3853779560206564e-07
meam.pdf;benelux;0.9999889469349676;3.937146188217181e-06;0.9999889469349676;1.5995655994393367e-06;5.516353244613078e-06
mecabotix.pdf;france;0.9999748279072675;1.2287840258188987e-05;1.2541636502511146e-05;0.9999748279072675;3.4261597200099503e-07
mecawareA.pdf;france;0.9999964313234951;6.204645268003204e-07;2.429380384046954e-06;0.9999964313234951;5.188315938818906e-07
metaliq.pdf;germany;0.9999980397342481;1.5849840227166938e-06;2.110984809501456e-07;1.6418324833915502e-07;0.9999980397342481
mirsense.pdf;france;0.9999628639070774;7.853681446245041e-06;1.0698725844353103e-05;0.9999628639070774;1.8583685631889474e-05
mitis.pdf;benelux;0.999975346476867;7.327045981432993e-06;0.999975346476867;1.6434324241868407e-05;8.921529095717989e-07
mobenergy.pdf;france;0.9999854793620095;5.939975814979742e-06;8.513219451875657e-06;0.9999854793620095;6.744272351741878e-08
mobilitywork.pdf;france;0.9999681542305828;5.640566442571362e-06;1.6290689599473494e-05;0.9999681542305828;9.91451337491363e-06
mobito.pdf;autres;0.524055228847833;0.524055228847833;0.19184357803384045;0.2781255115270543;0.005975681591272327
moiz.pdf;france;0.99999257594546;9.472848812688088e-07;5.691324204220187e-06;0.99999257594546;7.854454546446081e-07
molecularplasmagroup.pdf;benelux;0.9999974842324094;4.804553272669695e-07;0.9999974842324094;1.9930833146143804e-06;4.222894874118537e-08
muodim.pdf;france;0.9999976834685633;1.512392274791326e-06;4.565679713986901e-07;0.9999976834685633;3.4757119045484654e-07
myjiminy.pdf;france;0.9999916085802156;7.821367691924173e-07;3.6388471621128976e-06;0.9999916085802156;3.970435853039315e-06
nanoz.pdf;france;0.9999663499551567;1.3600164327731319e-05;1.7623308709226802e-05;0.9999663499551567;2.4265718064505624e-06
nature2need.pdf;germany;0.9999840645828038;1.5184122818107009e-06;3.732041336871458e-06;1.0684963577588667e-05;0.9999840645828038
neextengineering.pdf;france;0.9999951095402774;1.300808801968655e-07;4.739819136787773e-06;0.9999951095402774;2.0559705645563294e-08
nestwave.pdf;france;0.9999819636525161;1.421734774578909e-06;1.1802144994934497e-05;0.9999819636525161;4.812467714168606e-06
neurala.pdf;autres;0.93508752256286;0.93508752256286;0.005341506795363349;0.05844642755785914;0.0011245430839174903
nextind.pdf;autres;0.9999859793383626;0.9999859793383626;4.612644464045766e-06;1.274876496502326e-06;8.1331406767882e-06
nexwafe.pdf;germany;0.9999861331082801;2.759651695115268e-06;3.068669492307191e-06;8.038570532442372e-06;0.9999861331082801
nexxoil.pdf;germany;0.7132436308818096;0.0009479219328420523;0.14889406690815896;0.13691438027718947;0.7132436308818096
nexxtlab.pdf;benelux;0.9999876234252079;3.2767560392140644e-08;0.9999876234252079;8.370634458020587e-06;3.973172773760307e-06
nimbleone.pdf;france;0.9999994807647532;2.4810041099209974e-07;2.5961028489225445e-07;0.9999994807647532;1.1524550967053068e-08
nimesis.pdf;france;0.9999961748254816;2.377557312383149e-06;1.3719011285726606e-06;0.9999961748254816;7.571607742367483e-08
novacarbon.pdf;france;0.9999961705781177;3.070099635986246e-06;6.763533450766709e-07;0.9999961705781177;8.296890111017309e-08
novali3.pdf;benelux;0.9999960927957953;3.169760165061593e-06;0.9999960927957953;4.2229450826323095e-07;3.1514953156990357e-07
novocycle.pdf;autres;0.9999844518560771;0.9999844518560771;9.189162370277188e-06;5.065763012820704e-06;1.2932185397684594e-06
novomof.pdf;autres;0.999990398033296;0.999990398033296;5.762440345237504e-06;2.6486605141618996e-06;1.1908658445795445e-06
obeia.pdf;france;0.9999987302879446;4.1706890360677464e-08;1.1210089802297531e-06;0.9999987302879446;1.0699618476037153e-07
octofan.pdf;france;0.9999673810354825;1.6857772415253328e-05;1.2122808567107512e-05;0.9999673810354825;3.638383535104297e-06
oghji.pdf;autres;0.999986294770108;0.999986294770108;7.753233686255408e-07;1.1951651458970791e-05;9.782550644887974e-07
ollow.pdf;france;0.9999995952509375;7.362313294021111e-08;5.989059262864195e-09;0.9999995952509375;3.2513687044356663e-07
onewatt.pdf;benelux;0.9999889716612322;5.651755040461685e-06;0.9999889716612322;3.106694575428211e-06;2.2698891518322922e-06
oppr.pdf;benelux;0.9999837472938304;1.3797040821996894e-06;0.9999837472938304;8.199112199734501e-06;6.673889887666273e-06
otiv.pdf;benelux;0.9999913410988396;1.8997816955281532e-06;0.9999913410988396;4.705131288827055e-06;2.053988176060101e-06
otiv2.pdf;benelux;0.9999729195955552;7.223774483642987e-06;0.9999729195955552;1.789567743903969e-05;1.96095252213771e-06
ouat!.pdf;benelux;0.9999780947858569;7.711952094970007e-06;0.9999780947858569;1.1081253508494947e-05;3.1120085397156477e-06
oxylum.pdf;benelux;0.9999851722939184;1.4566513464997711e-06;0.9999851722939184;1.6314402745728703e-06;1.1739614460557474e-05
packwise.pdf;germany;0.9999932342930985;1.9001550970161393e-06;3.96371385703909e-06;9.018379473080118e-07;0.9999932342930985
pathrobotics.pdf;autres;0.999990137323011;0.999990137323011;2.469601534703261e-06;2.122983002011205e-06;5.2700924524463574e-06
pepps.pdf;benelux;0.9999862328307808;2.832525120775117e-06;0.9999862328307808;9.559596171466113e-06;1.3750479269801532e-06
phoenixai.pdf;benelux;0.9999991704987212;3.8092604594402045e-07;0.9999991704987212;3.66046801558385e-07;8.252843111303915e-08
phytonics.pdf;germany;0.9999773651189542;8.23718819198253e-06;6.805700759917307e-06;7.591992093901922e-06;0.9999773651189542
polypea.pdf;benelux;0.9999585936160229;4.126236572155959e-06;0.9999585936160229;3.2467501501323155e-05;4.812645903572461e-06
powerlubecontrol.pdf;benelux;0.999964013991298;1.487994628654056e-07;0.999964013991298;3.57153395565253e-05;1.2186968259084823e-07
pozyx.pdf;benelux;0.9999929679612111;6.342954017811641e-06;0.9999929679612111;6.08869045132573e-07;8.021572593586715e-08
propellane.pdf;france;0.9999886339776402;3.31064134423167e-06;7.81350475515611e-06;0.9999886339776402;2.4187626045751747e-07
purenat2.pdf;france;0.9999673137872419;2.4505013921533202e-06;2.724757607161667e-05;0.9999673137872419;2.9881352942851767e-06
pydro.pdf;germany;0.9999791423159407;2.3531774016119523e-06;1.0492802149060808e-05;8.011704508735473e-06;0.9999791423159407
qualitics.pdf;benelux;0.9999781327543614;1.8790752344159975e-08;0.9999781327543614;2.1831784133241592e-05;1.667075311144543e-08
reeverse.pdf;france;0.999999873975519;2.6363636985205693e-08;9.624729502439116e-08;0.999999873975519;3.4135491105123114e-09
rein4ced.pdf;benelux;0.9999890272973097;2.5662470425218704e-06;0.9999890272973097;6.964592792112764e-07;7.709996368719364e-06
rejuice.pdf;benelux;0.9999978770934991;1.8291266938720015e-06;0.9999978770934991;1.2241284360564546e-07;1.713669633770053e-07
renewind.pdf;benelux;0.9999979307126301;3.704875105544325e-07;0.9999979307126301;1.244258834388946e-06;4.5454102511480934e-07
replace.pdf;france;0.9999713465242193;8.944515639426043e-07;2.1181271278154436e-05;0.9999713465242193;6.577752938643103e-06
ridergy.pdf;germany;0.9999843419758702;1.649600274167161e-06;1.3540656006048442e-05;4.6776784950573944e-07;0.9999843419758702
rift.pdf;benelux;0.9999611819608285;2.175300203147853e-05;0.9999611819608285;4.654408244574193e-06;1.2410628895520804e-05
roav7.pdf;france;0.9999877649390411;1.0641491131864067e-05;1.5721586217847363e-06;0.9999877649390411;2.1411205393010507e-08
rosi.pdf;france;0.9999890652142709;1.1952197805600027e-06;5.329457724364727e-06;0.9999890652142709;4.410108224198062e-06
roth2.pdf;france;0.9999923288358711;2.8423501579468456e-06;1.976714936828905e-06;0.9999923288358711;2.852099034146574e-06
rovenso.pdf;autres;0.9999910251717643;0.9999910251717643;3.4116451411717235e-06;5.11134919496615e-06;4.518338997686476e-07
sakowin.pdf;france;0.9999787290166379;7.839600875876195e-06;1.1656226110229993e-05;0.9999787290166379;1.7751563761110292e-06
saturnetechnology.pdf;benelux;0.9999523367591913;2.4069798319711043e-05;0.9999523367591913;2.051885581244321e-05;3.0745866763957763e-06
senergetics.pdf;benelux;0.9999826970822759;1.9176712661096366e-06;0.9999826970822759;2.514110907120405e-06;1.2871135550924818e-05
senodis.pdf;germany;0.999993731615277;3.5343016235090954e-06;1.3683699111942747e-06;1.3657131883177404e-06;0.999993731615277
senorics.pdf;germany;0.9999888104832295;3.1561299980642635e-06;4.484988045146823e-06;3.5483987272175493e-06;0.9999888104832295
senseven.pdf;autres;0.999983439806203;0.999983439806203;5.1458044530869775e-06;1.1480130269676709e-06;1.0266376316981523e-05
sereema.pdf;france;0.9999956477977532;1.2262263920784954e-07;1.225312722761048e-07;0.9999956477977532;4.107048335276321e-06
sesam.pdf;france;0.9974694983768753;9.002833796499256e-06;1.0423207935222746e-05;0.9974694983768753;0.002511075581392968
shayp.pdf;benelux;0.9999690352567587;3.1659008224374644e-06;0.9999690352567587;2.474206319682338e-05;3.056779221847935e-06
sironatechnologies.pdf;benelux;0.9999860635449092;1.666889324403357e-06;0.9999860635449092;1.04080794077588e-05;1.8614863587981343e-06
skydrone.pdf;france;0.999993906440482;5.008083583632702e-06;1.0388811538797698e-06;0.999993906440482;4.659478046299539e-08
sogilis.pdf;france;0.9999885499454372;1.2913798284780198e-06;5.987029015231552e-06;0.9999885499454372;4.171645719158082e-06
soluterials.pdf;germany;0.9999936021465061;2.3988554866036466e-06;3.5582467572370953e-06;4.4075125007718716e-07;0.9999936021465061
soomiq.pdf;germany;0.999993234867606;1.6067205642584834e-06;5.36927672886102e-07;4.621484156698926e-06;0.999993234867606
spark2.pdf;france;0.9999587012457193;1.390124534345221e-05;4.958873151275054e-06;0.9999587012457193;2.2438635785906016e-05
spotlight.pdf;france;0.9999809787053675;1.3070388896649611e-05;3.870645038610475e-06;0.9999809787053675;2.080260697319003e-06
spreeinteractive.pdf;germany;0.9999864589103338;1.226880270755027e-06;9.464334253036917e-06;2.8498751422933375e-06;0.9999864589103338
squairtech.pdf;france;0.999977764723204;9.251285292543892e-06;1.1599274329498662e-05;0.999977764723204;1.3847171740836243e-06
staaq.pdf;france;0.9999885175342687;1.0416678222793528e-06;8.908204299709738e-06;0.9999885175342687;1.532593609317108e-06
stabilogreen.pdf;benelux;0.9999689009440521;1.2589480239761495e-06;0.9999689009440521;2.972685795421317e-05;1.1324996965193055e-07
starcopter.pdf;germany;0.9999895071628673;1.0141979419651523e-06;2.7531251918164694e-06;6.725513998890805e-06;0.9999895071628673
stargate.pdf;autres;0.999981805037222;0.999981805037222;5.7018966009006424e-06;4.481872463883147e-06;8.011193713348981e-06
storh.pdf;autres;0.9999936299214698;0.9999936299214698;1.9164206398166222e-07;3.395558590554596e-06;2.782877875532672e-06
sublimeenergie.pdf;france;0.9999978651012117;1.652031934962626e-06;4.5130941727575384e-07;0.9999978651012117;3.155743609308393e-08
sunlion.pdf;benelux;0.9999873789356064;1.2579006714548132e-07;0.9999873789356064;1.2375050849446147e-05;1.2022347674010233e-07
sunmaxx.pdf;germany;0.9999931145448266;1.3359520504956434e-06;3.927107576891093e-06;1.6223955460469348e-06;0.9999931145448266
sunmaxx2.pdf;germany;0.9999844319216313;8.381113686885748e-06;1.3614857149821712e-06;5.825478966680229e-06;0.9999844319216313
supairvision.pdf;france;0.9996311543032195;0.0002486627272698801;6.63007856456281e-05;0.9996311543032195;5.3882183864982095e-05
swanh.pdf;france;0.9999729822015828;1.0081712237050386e-05;6.981120227905981e-06;0.9999729822015828;9.954965952249902e-06
swoopenergy.pdf;france;0.9999690023084455;2.042426160567033e-05;9.881590417298613e-06;0.9999690023084455;6.918395314697567e-07
sylfen.pdf;france;0.9998063654129214;4.752086523839719e-05;3.8454333159650385e-06;0.9998063654129214;0.00014226828852426955
teeptrak2.pdf;france;0.9999806220373242;7.445870495462713e-07;1.8366376633903857e-05;0.9999806220373242;2.669989922371429e-07
terakalis.pdf;france;0.9999952013457537;3.2201180521079367e-07;4.3784493166724654e-06;0.9999952013457537;9.819312460310608e-08
teratonics.pdf;france;0.9999758060165779;1.852194056895515e-05;3.073675920274493e-06;0.9999758060165779;2.5983669330032697e-06
theyeq.pdf;france;0.9999817355590989;1.8356981530887447e-06;1.56090622906801e-05;0.9999817355590989;8.196804573433636e-07
threedy.pdf;germany;0.9999840963157165;1.3189833934250655e-06;2.6710245464313776e-06;1.1913676343608493e-05;0.9999840963157165
tiamat.pdf;france;0.9999586639332761;1.5658675352255027e-07;3.083832520723993e-05;0.9999586639332761;1.0341154763030695e-05
tihive.pdf;france;0.9999513984458469;4.101454372209035e-06;2.3179997351103224e-05;0.9999513984458469;2.132010242971241e-05
torwash.pdf;autres;0.6275161918091169;0.6275161918091169;0.3197408939930061;0.046435614474186475;0.00630729972369035
tozero.pdf;germany;0.8661094969932355;0.025138558456194973;0.05511485718944269;0.05363708736112684;0.8661094969932355
tractonomy.pdf;benelux;0.34630264379160386;0.13568384010342896;0.34630264379160386;0.19277413869787563;0.3252393774070915
turbit.pdf;germany;0.9999891985137412;3.6889794358251327e-06;2.5746150875166796e-06;4.537891735386994e-06;0.9999891985137412
turbulent.pdf;benelux;0.9990445206579142;0.0005274122764643067;0.9990445206579142;0.00027384836358662835;0.00015421870203497577
twikit.pdf;benelux;0.9999790137697847;1.873638712563709e-05;0.9999790137697847;6.400309533572577e-07;1.6098121364981509e-06
twinsity.pdf;germany;0.9999809526187285;1.1232710349031206e-05;6.504898140473443e-06;1.3097727819216894e-06;0.9999809526187285
uavia.pdf;france;0.9579570944774036;0.011819955763134857;0.029774560190239045;0.9579570944774036;0.0004483895692224313
uware.pdf;benelux;0.9902593243723654;0.007639041055924788;0.9902593243723654;0.0019856374887393374;0.00011599708297042332
uware2.pdf;benelux;0.9902593243723654;0.007639041055924788;0.9902593243723654;0.0019856374887393374;0.00011599708297042332
uze.pdf;benelux;0.9879273621156345;0.004244159687860406;0.9879273621156345;0.0018325093870315305;0.005995968809473719
v2i.pdf;benelux;0.9127899676790973;1.8773321455083704e-06;0.9127899676790973;0.08720813343957053;2.1549186692167974e-08
variolytics.pdf;germany;0.9999913446010745;1.493217226261375e-06;6.469003549129725e-06;6.931781501167993e-07;0.9999913446010745
vernaio.pdf;germany;0.9999876548694522;2.4499836271891326e-06;5.794619499739411e-06;4.100527420877789e-06;0.9999876548694522
viridianlithium.pdf;france;0.9999929322458029;9.484634427490485e-07;3.1096232577702704e-07;0.9999929322458029;5.808328428521879e-06
visiontechnology.pdf;france;0.5166037280312209;0.014972016454498518;0.02849917000061972;0.5166037280312209;0.43992508551366083
visplore.pdf;autres;0.9999830509842247;0.9999830509842247;8.486850356940888e-07;2.6514257603378606e-07;1.5835188163427805e-05
vocsens.pdf;benelux;0.9999903480748051;1.697501253116864e-06;0.9999903480748051;2.3182136928983307e-06;5.636210248904366e-06
voleatech.pdf;germany;0.9999812018310541;4.84955101237846e-06;3.3283366049717833e-06;1.0620281328464495e-05;0.9999812018310541
vulkam.pdf;france;0.999989949040139;4.793421191138503e-06;3.5984512614394518e-06;0.999989949040139;1.6590874084179322e-06
wainvame.pdf;france;0.9999902232919818;8.627821980442405e-07;8.481293821613264e-06;0.9999902232919818;4.326319986915796e-07
waterhorizon.pdf;france;0.9936836193890786;0.0025412546392364686;0.0034136565853056444;0.9936836193890786;0.0003614693863791694
waterstuffsun.pdf;autres;0.4882694090564466;0.4882694090564466;0.18013977089600303;0.06651877175731725;0.26507204829023323
watt4ever.pdf;benelux;0.9999971245021622;4.3794513701647915e-07;0.9999971245021622;2.3562166865763887e-06;8.133601434825474e-08
wattalps.pdf;france;0.999971812852284;9.525470506808828e-06;1.3179708556979725e-05;0.999971812852284;5.481968652111289e-06
wayout.pdf;autres;0.9999854875382967;0.9999854875382967;9.814955790315134e-07;1.0766050622013204e-05;2.764915502184605e-06
wespran.pdf;france;0.9999892010953033;4.017596631656437e-06;5.770234993715416e-06;0.9999892010953033;1.0110730711923216e-06
wiidetect.pdf;france;0.9999958533718948;1.9615740850105627e-08;3.3605675279519406e-06;0.9999958533718948;7.664448364130486e-07
windfisher.pdf;france;0.9999922339370144;7.169987607651959e-06;5.277728847379051e-07;0.9999922339370144;6.830249332903646e-08
wizata.pdf;benelux;0.9999748790291721;8.587800701050044e-06;0.9999748790291721;1.6293160833125065e-05;2.400092936636671e-07
worms2.pdf;france;0.9999805909949767;2.5486118175732694e-06;1.3465712025031218e-05;0.9999805909949767;3.3946811804744763e-06
