doc;predicted_country;confidence;proba_autres;proba_benelux;proba_france;proba_germany;proba_other
247energy.pdf;benelux;0.9999955073896374;1.374196650022631e-08;0.9999955073896374;1.286844864265254e-08;3.811947038695294e-08;4.4278804770073e-06
actronika.pdf;france;0.9999753260540628;3.9490300146933085e-07;9.740155517071643e-06;0.9999753260540628;6.721565769806415e-06;7.817321648721451e-06
adlatusrobotics.pdf;germany;0.9999977374030161;3.474710381594553e-07;6.466841820070201e-07;3.105798375009918e-07;0.9999977374030161;9.57861926199447e-07
adlc.pdf;benelux;0.9999987469970314;4.1462973305448776e-08;0.9999987469970314;8.694359490763156e-07;2.037006396845159e-07;1.3840340653973997e-07
aerleum.pdf;france;0.9998306927488486;2.355913386222756e-05;1.602297327360103e-05;0.9998306927488486;1.4759076745203146e-05;0.00011496606727040046
aiblox.pdf;benelux;0.9999712725547014;8.933985307701832e-07;0.9999712725547014;5.841819515998655e-06;1.8248193797440537e-05;3.7440334543358266e-06
airbooster.pdf;france;0.999983772856315;5.824682357443697e-07;4.464287476917146e-06;0.999983772856315;6.580975396331195e-07;1.0522290432639188e-05
aircision.pdf;benelux;0.9999795105594609;1.543207203737469e-06;0.9999795105594609;9.101252865974478e-07;9.46286839603692e-06;8.573239652855722e-06
airthium.pdf;other;0.9999726036145877;5.799575282447853e-07;7.836239791719573e-06;1.8517811440212192e-05;4.6237665208024914e-07;0.9999726036145877
aithra.pdf;france;0.9999927059194936;1.791704781159424e-07;6.090553468948407e-06;0.9999927059194936;8.800033759222177e-07;1.443531834388188e-07
akryvia.pdf;france;0.9999569079809236;3.630956932044726e-06;7.284340996514345e-06;0.9999569079809236;1.5178505508941562e-05;1.699821563900957e-05
akvola.pdf;germany;0.9999837346805519;5.587140264540694e-07;1.0355171297180311e-05;8.425311308660915e-07;0.9999837346805519;4.5089029937689885e-06
alberts.pdf;benelux;0.9999800706180068;9.753523974930634e-07;0.9999800706180068;8.607265493173636e-06;9.636315507722532e-06;7.104485950361656e-07
aloecell.pdf;autres;0.9249973764526872;0.9249973764526872;1.343831329819336e-06;5.569787792667822e-07;1.9316866952743105e-06;0.07499879105050854
alouette.pdf;france;0.999953396737039;1.3012337806357097e-06;4.0426893791592884e-05;0.999953396737039;4.2824440403222956e-06;5.92691348657361e-07
aloxy.pdf;benelux;0.9999491822575926;1.2535187709464105e-06;0.9999491822575926;1.6644919710847233e-05;5.25163260262117e-06;2.766767132314506e-05
altosolution.pdf;france;0.9999906632986598;2.2026598537338186e-07;3.2912281868344275e-07;0.9999906632986598;2.1140139623568372e-06;6.673298573502048e-06
altransenergy.pdf;france;0.9999958879674999;4.4686749074004975e-08;2.861027260848297e-07;0.9999958879674999;4.809569045273947e-07;3.300286120388941e-06
amethyste.pdf;france;0.9999718350202041;2.9458935723883426e-06;7.850101707098175e-06;0.9999718350202041;1.028346769643285e-05;7.0855168198404145e-06
amflow.pdf;benelux;0.9999732595128202;3.0321556629762847e-07;0.9999732595128202;5.940989209988754e-06;1.2018320755491667e-05;8.47796164810747e-06
amiraltechnologies.pdf;france;0.9999930801430352;3.877929122025977e-08;1.5028129157511422e-06;0.9999930801430352;5.227964359788112e-06;1.5030039808980744e-07
anabrid.pdf;germany;0.9999784952779217;4.245899551782562e-07;1.6687256617968657e-05;9.06574716201237e-07;0.9999784952779217;3.486300789058669e-06
ananke.pdf;france;0.9999987915109835;5.492692485049877e-08;1.3553338715422585e-07;0.9999987915109835;8.406912926997092e-07;1.7733741182841485e-07
angara.pdf;benelux;0.9999359266111385;6.445354067895706e-06;0.9999359266111385;1.1710728871454128e-05;9.011545381980986e-06;3.690576054000769e-05
anisoprint.pdf;benelux;0.9999772875907017;1.491589150814104e-06;0.9999772875907017;6.393712520667569e-06;8.557048302624701e-07;1.3971402796529682e-05
appsilon.pdf;benelux;0.9999628563861249;8.529410265454163e-07;0.9999628563861249;3.141846043786205e-06;1.2583882300465687e-05;2.056494450429285e-05
aprexsolutions.pdf;france;0.9999955524115028;7.000916738305731e-08;2.5195141866041795e-06;0.9999955524115028;4.833961809034499e-07;1.3746689622903961e-06
aquilae.pdf;france;0.999986276777458;1.0252653832806627e-06;6.113967800543507e-06;0.999986276777458;1.7696556265135776e-06;4.814333731723546e-06
aredox.pdf;france;0.999970268801494;1.2896919775806423e-07;2.617631483090421e-06;0.999970268801494;4.4724251037218053e-07;2.653735531510241e-05
arkcapturesolutions.pdf;benelux;0.9999474039909821;8.674133431924408e-06;0.9999474039909821;1.3504622306684819e-05;1.7102815055571476e-05;1.3314438223501816e-05
arkeocean.pdf;france;0.999957047615682;6.168681868966254e-07;7.049396715977468e-06;0.999957047615682;2.771633325277304e-07;3.500895608251165e-05
askforthemoon.pdf;france;0.9999988493649369;2.1144219490683477e-08;5.561380345062951e-07;0.9999988493649369;1.3707936523251722e-07;4.362734439468445e-07
askforthemoon2.pdf;france;0.9999771051477349;1.1190128965256682e-06;8.055053525703668e-06;0.9999771051477349;9.786400230274997e-06;3.934385612686275e-06
astriis.pdf;france;0.9999820119253872;8.678703520264402e-07;9.092859380171869e-07;0.9999820119253872;7.940142990514327e-06;8.270775332118153e-06
atmocoat.pdf;germany;0.9999861071768129;7.724339125053004e-07;1.1649591903136047e-05;8.947545454610996e-07;0.9999861071768129;5.760428261690333e-07
avoxt.pdf;benelux;0.999938476719227;2.1190822543613675e-06;0.999938476719227;1.96327035007644e-06;2.284776050886743e-05;3.459316765956694e-05
awakemobility.pdf;germany;0.9999746757971636;1.5940003276552854e-06;7.316523242451747e-06;1.2487560530873322e-05;0.9999746757971636;3.926118735559789e-06
azteq.pdf;benelux;0.9999748472909199;3.7540291896192453e-07;0.9999748472909199;1.6341123687719775e-06;2.0530368559226668e-05;2.612825233149821e-06
azteq2.pdf;benelux;0.9999968795351595;2.2810289865607126e-08;0.9999968795351595;1.133688356261913e-06;7.00980969483579e-08;1.8938680973346513e-06
batiprint3d.pdf;france;0.999999840064633;2.5050486364802445e-08;7.77951391910612e-08;0.999999840064633;3.979955286575492e-08;1.7290188526163508e-08
beagle.pdf;other;0.9999813874096232;1.9479374956419777e-07;6.2834901543782296e-06;4.748154684592486e-07;1.165949100451795e-05;0.9999813874096232
bianergy2.pdf;benelux;0.9999735045473089;1.255526809424904e-05;0.9999735045473089;9.401223392208402e-07;6.660318933758333e-06;6.3397433239010425e-06
biocide.pdf;other;0.9999745608877876;7.969019162280452e-07;9.242912376877907e-06;1.1883346035294766e-05;3.5159518841119335e-06;0.9999745608877876
blixt.pdf;other;0.9999783654904769;7.462606239193366e-07;1.39160794117838e-05;4.769801880230185e-06;2.2023676071486587e-06;0.9999783654904769
bloom.pdf;other;0.9998835267815391;1.2422810329767704e-05;2.2721115726245035e-05;3.709356131074418e-05;4.423573109404509e-05;0.9998835267815391
bluepowersynergy.pdf;benelux;0.999970230128986;1.1738061263247356e-05;0.999970230128986;8.8635325393423e-06;1.490774937484947e-06;7.677502274061123e-06
bondzai.pdf;france;0.99988739803383;1.7564967944497093e-05;2.0704243885453445e-05;0.99988739803383;1.7397270309409704e-06;7.259302730918181e-05
bonidriver.pdf;germany;0.9999851039767987;7.343504734289755e-07;7.024437852458269e-06;1.6366564009555798e-06;0.9999851039767987;5.500578474533252e-06
borealesenergy.pdf;france;0.9999730548916997;1.922188137161162e-07;6.305780617710149e-06;0.9999730548916997;1.6286955647497423e-06;1.8818413304212728e-05
brighterbins.pdf;benelux;0.9999988570285735;1.925370754451986e-08;0.9999988570285735;2.676295556167764e-07;1.7015043902344888e-08;8.390731194904885e-07
brolz.pdf;benelux;0.9999648439382246;8.21031968145752e-08;0.9999648439382246;3.3831507827248164e-05;3.404982830897827e-07;9.019524684544781e-07
bulane.pdf;france;0.9999917580983141;9.4075533138834e-08;7.21655619758136e-07;0.9999917580983141;2.4029609801546707e-07;7.185874435043436e-06
carbodown.pdf;france;0.9999914778951434;1.8691986882020062e-07;4.0924192138173175e-06;0.9999914778951434;1.2358483327892355e-06;3.0069174411917166e-06
carbon8.pdf;other;0.9999823565402117;1.6345838014812066e-06;3.3815725895189952e-06;9.226042419616062e-07;1.1704699155378078e-05;0.9999823565402117
carbyon2.pdf;other;0.9999850514495018;6.623672335407146e-07;1.1993369235511639e-05;1.6722636284881127e-06;6.205504006751881e-07;0.9999850514495018
chemalive.pdf;other;0.9999955907812947;3.625687716818241e-07;3.5100109093266798e-06;2.5778997179641583e-07;2.7884905253052573e-07;0.9999955907812947
chemicalnewtech.pdf;other;0.9999826575014875;3.1032648339291484e-06;8.210367260716124e-06;1.994854224187661e-06;4.0340121936242e-06;0.9999826575014875
cilkoa.pdf;france;0.9999553540701106;4.303315813938459e-06;1.6368752802533794e-05;0.9999553540701106;1.011820775090958e-05;1.385565352195999e-05
cixten.pdf;france;0.9999944214769599;3.0297085078763146e-08;9.521713159847701e-07;0.9999944214769599;4.043914517244686e-06;5.521401216015856e-07
clhynn.pdf;france;0.9999972673981654;6.287688305838913e-09;2.3538093133597633e-06;0.9999972673981654;1.0455078372561946e-08;3.620497544168932e-07
cognifab.pdf;france;0.9999536040950502;1.420611863815745e-07;1.0253188054205017e-05;0.9999536040950502;3.2748565955837444e-05;3.2520897533794226e-06
coldpad.pdf;france;0.9999840455958651;4.045902590883303e-06;3.721328819908823e-06;0.9999840455958651;1.325415226499595e-07;8.054631201358696e-06
coldpad2.pdf;france;0.9999994625862642;4.53238110130453e-08;2.0535684816552038e-07;0.9999994625862642;7.229373791852444e-08;2.144393387907992e-07
companionenergy.pdf;benelux;0.9999965746237423;3.83289347118616e-08;0.9999965746237423;5.181149383054094e-07;6.077331603783377e-07;2.2611992243063055e-06
comppair.pdf;other;0.9999830733895132;1.6707912057847685e-06;8.215603601679493e-06;2.743846541503857e-06;4.2963691378807646e-06;0.9999830733895132
comsens.pdf;benelux;0.999976166310717;1.162449983068388e-07;0.999976166310717;3.563128866602695e-06;1.667044442223746e-05;3.4838709957057484e-06
condugo.pdf;benelux;0.9999938393040461;3.8190939689210153e-08;0.9999938393040461;4.535264956802459e-06;2.682028965173932e-08;1.5604197677050102e-06
cosmotech.pdf;france;0.999912938764313;3.5770985580448674e-06;1.9312250382413103e-05;0.999912938764313;3.642982956669987e-05;2.774205717989727e-05
covess.pdf;benelux;0.9999742930736425;3.940321357907575e-06;0.9999742930736425;1.389967264694447e-05;5.175476603163017e-07;7.349384692201758e-06
credoxys.pdf;germany;0.9999942275195136;7.386807340522434e-07;2.1990391961940874e-06;1.252329592193849e-06;0.9999942275195136;1.582430963810858e-06
ctrlenergy.pdf;france;0.9999088411294865;5.6653602648300845e-06;6.066498946148412e-05;0.9999088411294865;3.1715586893041435e-06;2.165696209797614e-05
cybus.pdf;germany;0.9999828796373492;3.5474080818173053e-07;8.453200906337904e-06;1.1649097783383428e-06;0.9999828796373492;7.1475111579076495e-06
dacma.pdf;germany;0.9999852953914158;4.183925663234183e-07;1.1582892855372185e-05;9.389348897240311e-07;0.9999852953914158;1.7643882729126378e-06
deephawk.pdf;france;0.9999908008223097;5.429654451742922e-08;1.996191064645243e-06;0.9999908008223097;5.715627095226474e-06;1.4330629856790684e-06
deloq.pdf;benelux;0.9999852675645194;9.365356491771673e-07;0.9999852675645194;2.1003584184835893e-06;2.6392500407997104e-06;9.056291371946842e-06
diamfab.pdf;france;0.999993525666805;1.65409835660667e-06;2.009525712109735e-06;0.999993525666805;2.220566060484481e-06;5.901430656032874e-07
dimpora.pdf;other;0.9999829579861947;8.16673952342456e-07;3.1333419574093564e-06;3.6580960459224025e-06;9.433901849663971e-06;0.9999829579861947
dionymer.pdf;france;0.999972200432471;2.5282139610325323e-06;3.5021931592445197e-06;0.999972200432471;1.4199417261939768e-05;7.569743146679231e-06
dotocean.pdf;benelux;0.9999744041213606;2.04689479331145e-07;0.9999744041213606;1.3525835193126118e-05;1.1616700255867391e-07;1.1749186964367117e-05
dragonflypads2.pdf;france;0.9999885793711539;3.476946077238812e-08;8.833797559127633e-06;0.9999885793711539;3.1381637230694045e-07;2.238245453812246e-06
dronematrix.pdf;benelux;0.9999995460942568;5.4969053044693145e-08;0.9999995460942568;2.918046965930334e-07;1.2353448166493197e-08;9.477854543068455e-08
dropslab.pdf;benelux;0.9999809131656031;2.698294782104584e-07;0.9999809131656031;2.305295815760275e-06;2.235532529313343e-06;1.4276176573629108e-05
dryad.pdf;benelux;0.9999653612291446;1.0700787426792032e-06;0.9999653612291446;3.483933625031849e-07;2.098045173040527e-05;1.2239847019780614e-05
ecellix.pdf;other;0.9999815477815922;9.36407467040374e-06;3.565549846053492e-06;3.8087769559853422e-06;1.713816935245303e-06;0.9999815477815922
echemicles.pdf;other;0.9999869802932831;2.633877093800914e-07;9.863170802030055e-06;1.613719731286122e-06;1.279428474051963e-06;0.9999869802932831
eco2grow.pdf;germany;0.9999828063906131;7.420480005256389e-07;1.1194444052995227e-05;1.7980521563681826e-06;0.9999828063906131;3.4590651768933194e-06
ecobot.pdf;other;0.999979819383591;2.0965561379270048e-07;3.3226755461275293e-06;1.5412553115004208e-05;1.2357321338821813e-06;0.999979819383591
ecop.pdf;autres;0.9146177556426615;0.9146177556426615;1.7802272565893199e-06;1.971746530813571e-06;2.768571170939053e-06;0.08537572381238016
edgetech.pdf;france;0.9999978364509512;3.338343664084264e-08;1.3709509070131068e-07;0.9999978364509512;1.60971136610818e-06;3.833591553696773e-07
edock.pdf;benelux;0.9999993502294003;5.335733066776898e-08;0.9999993502294003;2.570567228139255e-07;1.677408163759411e-07;1.716157297707469e-07
effectsphotonics.pdf;benelux;0.9999834247797332;2.564371995809536e-06;0.9999834247797332;1.535593166527048e-06;1.214253866353276e-05;3.3271644062688515e-07
effitrax.pdf;benelux;0.9999945337376254;2.0787501042682265e-08;0.9999945337376254;5.043877871477534e-06;3.7849021046968593e-07;2.310679129920745e-08
ehgroup.pdf;other;0.9999780762350898;2.599080741626918e-07;1.111676441842328e-05;8.872929509507211e-06;1.6741629079350873e-06;0.9999780762350898
electriq.pdf;other;0.9999809220672828;1.0885096092027162e-07;1.0627800109759104e-05;6.102226988652725e-06;2.239054657862554e-06;0.9999809220672828
electrochaea.pdf;germany;0.9999810664144613;8.093356045804459e-07;6.017246104207423e-06;3.592518334966623e-06;0.9999810664144613;8.514485494901568e-06
elugie.pdf;benelux;0.9999966311257789;5.689613805011783e-07;0.9999966311257789;2.045361414410539e-06;3.3313054066185595e-07;4.214208856161799e-07
enadyne.pdf;germany;0.999990271620383;1.6943399006909592e-06;1.1159836742669433e-06;1.1462203254434974e-06;0.999990271620383;5.77183571672108e-06
enhywhere2.pdf;france;0.9999736797999261;3.9985659709676406e-07;2.252682226197055e-05;0.9999736797999261;1.716409827066274e-06;1.677111387711693e-06
enosis.pdf;france;0.999991114778055;7.208630653684158e-08;3.174832244691751e-06;0.999991114778055;4.9329866912314875e-06;7.053167024497426e-07
enow.pdf;benelux;0.9999823139369838;4.894669896577774e-08;0.9999823139369838;1.5919090377035362e-05;1.4800601031301295e-06;2.3796583706244458e-07
enprove.pdf;benelux;0.9999813169061871;2.640465310197297e-06;0.9999813169061871;1.2760980524198837e-05;5.830415444569439e-07;2.6986064341510104e-06
entent.pdf;france;0.9999776249264785;8.474376024021824e-07;9.493993814387749e-06;0.9999776249264785;1.0256012687212225e-05;1.7776294174785893e-06
entras.pdf;benelux;0.9999889804232138;2.346468037929015e-08;0.9999889804232138;2.74886205870821e-06;4.589897834005927e-06;3.6573522131045316e-06
equinox.pdf;benelux;0.9980711078714328;1.902981813606138e-05;0.9980711078714328;0.0011394467746663123;0.00013223321533643187;0.0006381823204284218
equinox_v1.pdf;benelux;0.9980711078714328;1.902981813606138e-05;0.9980711078714328;0.0011394467746663123;0.00013223321533643187;0.0006381823204284218
equinox_v2.pdf;benelux;0.9980711078714328;1.902981813606138e-05;0.9980711078714328;0.0011394467746663123;0.00013223321533643187;0.0006381823204284218
equinox_v3.pdf;benelux;0.9980711078714328;1.902981813606138e-05;0.9980711078714328;0.0011394467746663123;0.00013223321533643187;0.0006381823204284218
equinox_v4.pdf;benelux;0.9980711078714328;1.902981813606138e-05;0.9980711078714328;0.0011394467746663123;0.00013223321533643187;0.0006381823204284218
equinox_v5.pdf;benelux;0.9980711078714328;1.902981813606138e-05;0.9980711078714328;0.0011394467746663123;0.00013223321533643187;0.0006381823204284218
esnah.pdf;benelux;0.999996592956567;2.863207804035868e-07;0.999996592956567;6.039456655205233e-07;2.5449452436053047e-07;2.2622824628021936e-06
eternalpower.pdf;germany;0.9999958346319693;1.2026212743838498e-07;2.8155004285960205e-06;1.034648165041662e-06;0.9999958346319693;1.9495730961235207e-07
ethernics.pdf;benelux;0.9999673884265322;4.826479732263768e-07;0.9999673884265322;2.0293103817057632e-05;2.4168172968698333e-06;9.419004380506885e-06
everysens.pdf;france;0.9999947329630774;3.820430780632618e-08;2.2249645596419584e-06;0.9999947329630774;2.863819190962244e-06;1.400488643019129e-07
exanodia.pdf;france;0.9975035277691461;4.211641895527925e-06;1.2820804494055206e-05;0.9975035277691461;1.0599697209667325e-05;0.0024688400872547546
exomatter.pdf;germany;0.9999561543734841;2.1563900880387126e-06;3.355557511863746e-05;2.020828557013863e-06;0.9999561543734841;6.112832752089229e-06
extracthive.pdf;france;0.9999987769631161;2.6995905083577507e-08;3.340639466801569e-07;0.9999987769631161;1.329958743595566e-07;7.289811576625827e-07
farwind.pdf;france;0.9999950133043953;5.6365669957112694e-08;2.3387005896029833e-06;0.9999950133043953;1.8030159637197624e-06;7.88613381254097e-07
fibersail2.pdf;other;0.9999134246611387;2.558761922628398e-06;1.1311423198737739e-05;7.01583067182206e-05;2.5468470217708755e-06;0.9999134246611387
flasc.pdf;benelux;0.9999914347941729;1.1292685875397127e-06;0.9999914347941729;1.1747189146905446e-06;2.398945599027299e-06;3.862272725972999e-06
flasc2.pdf;benelux;0.999983225245745;3.1113008412151165e-06;0.999983225245745;1.8610667364375125e-06;7.18113765139744e-06;4.621249025897434e-06
flyability.pdf;other;0.9999865399896116;1.5722633969436317e-07;5.1499024174278145e-06;7.954376436803653e-06;1.985051943452246e-07;0.9999865399896116
flyability2.pdf;other;0.9999660833026818;2.6776290511380154e-07;1.8826210142909458e-05;1.3344750211866945e-05;1.4779740582912855e-06;0.9999660833026818
followinspiration.pdf;other;0.9999877315969794;7.189053997535052e-07;6.522815592525985e-06;4.692897984372012e-06;3.337840440338733e-07;0.9999877315969794
forecastyai.pdf;germany;0.999988084860649;3.461100997814839e-07;9.933513408364424e-06;1.0812981410832204e-06;0.999988084860649;5.54217701577742e-07
fountainfuel.pdf;benelux;0.999990677805162;4.817714266669932e-07;0.999990677805162;1.6424676068803846e-06;5.939502031389257e-06;1.2584537732365223e-06
genesink.pdf;france;0.9999511722886593;2.4946553086147415e-06;2.939896830731086e-06;0.9999511722886593;2.895144255262563e-05;1.4441716648748706e-05
genhy.pdf;france;0.9999961383911717;1.8509181648249325e-08;1.3322889417355729e-06;0.9999961383911717;2.203402963828469e-06;3.074077409384259e-07
geolith.pdf;france;0.9999943641598742;1.7010921986240557e-07;2.5124160697416705e-06;0.9999943641598742;4.928390811075038e-07;2.4604757551331597e-06
getyourway.pdf;benelux;0.9999575388732566;9.97016794475133e-07;0.9999575388732566;2.4628851889869745e-05;3.635799009910803e-06;1.3199459049052527e-05
getyourway_v5.pdf;benelux;0.9999575388732566;9.97016794475133e-07;0.9999575388732566;2.4628851889869745e-05;3.635799009910803e-06;1.3199459049052527e-05
ghyga.pdf;france;0.9999931471735157;8.084368814333596e-08;4.2125575002678756e-06;0.9999931471735157;1.782154789761376e-06;7.772705061521692e-07
grandperspective.pdf;germany;0.9999887812068619;1.65225200854525e-06;4.762555573277475e-06;1.9727276742774444e-06;0.9999887812068619;2.8312578820140567e-06
gravithy.pdf;france;0.9999978235032121;6.902514536815605e-07;7.902400985646587e-07;0.9999978235032121;4.5356230458163893e-07;2.424429308891931e-07
greengentech.pdf;france;0.9999985466876282;5.63437573027668e-07;1.4822334100270504e-07;0.9999985466876282;1.1055185418557156e-07;6.310996035470196e-07
greenyenergyag.pdf;other;0.9999770117528769;1.1690744504444596e-06;2.550140466644422e-06;1.4543459658523576e-06;1.781468624006976e-05;0.9999770117528769
grizit.pdf;benelux;0.9999934372674468;4.040491553526319e-08;0.9999934372674468;1.7755045215838888e-06;4.467482157984838e-06;2.7934095806735446e-07
grownbio.pdf;benelux;0.999969518026299;6.375799939049411e-07;0.999969518026299;1.2919057556939766e-05;9.844806435364864e-06;7.080529714800977e-06
h2sys.pdf;france;0.9999846851137278;9.831895605171183e-07;3.7942975799881737e-06;0.9999846851137278;1.015404125068267e-05;3.833578811897386e-07
hace.pdf;france;0.9999978373088426;1.788866018024479e-07;9.101862639674802e-07;0.9999978373088426;2.2888710431361314e-07;8.447311874052149e-07
hawaitech.pdf;france;0.999994853709368;7.189691801058773e-08;4.3084151353564235e-06;0.999994853709368;2.8338166094948754e-07;4.825969174974627e-07
hbat.pdf;benelux;0.9999697996420632;3.4137046269204156e-07;0.9999697996420632;8.156549985423751e-06;7.505458253239323e-06;1.4196979235463612e-05
heliac.pdf;other;0.999988823873259;5.181654656766299e-07;5.712266263701972e-06;4.032668723825752e-06;9.130262876926563e-07;0.999988823873259
heliup2.pdf;france;0.9999984635253385;2.4866696335346114e-08;1.1372493043098506e-06;0.9999984635253385;2.642896972588666e-07;1.1006896361606685e-07
hevatech.pdf;france;0.9999952788665302;9.138948791652589e-08;1.164726597181969e-06;0.9999952788665302;3.3088452748579695e-06;1.5617210975833476e-07
hexana.pdf;france;0.9999739226867779;1.4450901537019103e-07;2.277186880560131e-06;0.9999739226867779;2.6658542423051152e-06;2.0989763084040934e-05
highline.pdf;germany;0.9999763269890459;2.4449789551971654e-06;1.1155671939046415e-05;8.475260599836386e-06;0.9999763269890459;1.5970994600137354e-06
hiqutediamond.pdf;france;0.9999936367868438;7.428326202588948e-08;4.539606398234359e-06;0.9999936367868438;9.65918007197855e-07;7.834054888711779e-07
hoeller.pdf;germany;0.9999779756765959;2.0180697123582152e-07;1.207928591608524e-05;2.434783165798546e-07;0.9999779756765959;9.499752200131221e-06
holosolis.pdf;france;0.9999961780229175;3.371753347644848e-08;1.7731870061203796e-06;0.9999961780229175;1.7288473346391817e-06;2.862252082392548e-07
holy.pdf;germany;0.9999860126415173;4.969165346240166e-07;9.49738130039023e-06;3.2042121636435125e-07;0.9999860126415173;3.6726394314519016e-06
huskk.pdf;benelux;0.9999758616454376;5.905700853901445e-07;0.9999758616454376;1.8120913840838256e-06;1.9176306458019488e-05;2.5593866349227408e-06
hysilabs.pdf;france;0.9999938847908659;9.323857962736427e-08;1.7124398253311988e-06;0.9999938847908659;1.3299455371014882e-07;4.176536175456037e-06
hyve.pdf;benelux;0.9999667280841663;6.093949664612707e-06;0.9999667280841663;1.432264601860547e-05;3.6645224097507157e-06;9.190797740567684e-06
hywaves.pdf;other;0.9999856099996441;1.640727980087171e-06;7.596324716622663e-06;4.392894487766296e-06;7.600531714462843e-07;0.9999856099996441
icodos.pdf;germany;0.9999782335683691;2.0708550461906562e-06;6.453331234376849e-06;7.186334918415354e-06;0.9999782335683691;6.055910431959991e-06
imsystems.pdf;benelux;0.9999233464573613;5.022706283469283e-06;0.9999233464573613;2.5738981158354964e-05;1.5408010466350543e-05;3.0483844730725442e-05
independentlivingbase.pdf;france;0.9999975728649678;2.445664589976893e-08;9.439075458409679e-07;0.9999975728649678;7.463581527466326e-08;1.384135025028735e-06
ineratec.pdf;germany;0.9999952019519571;1.608221784809137e-07;3.926440873588816e-06;6.614118929379198e-07;0.9999952019519571;4.9373097747466894e-08
infiniciag.pdf;germany;0.999980092495029;1.7599906104082742e-06;7.821101879279991e-06;6.6431767452418305e-06;0.999980092495029;3.683235736023573e-06
inflights.pdf;benelux;0.9999660510395342;8.645338821217101e-07;0.9999660510395342;3.059062694153084e-05;9.287709221034232e-07;1.5650287197802301e-06
infrasolid.pdf;germany;0.9999886102632114;6.454525967460249e-07;6.076587398925333e-06;9.554846639368309e-07;0.9999886102632114;3.7122121288297104e-06
inphocal.pdf;benelux;0.9999640573375883;2.2195761981128122e-06;0.9999640573375883;2.151049469236938e-05;1.1241878852009086e-05;9.707126694647674e-07
insens.pdf;benelux;0.9999887054908786;1.5236774386905916e-07;0.9999887054908786;9.580807881324482e-06;1.4736318192819701e-06;8.770167679302359e-08
intelligentfluids.pdf;germany;0.9999808745597879;2.131516702837054e-07;3.0847248977760955e-06;1.294787703198397e-05;0.9999808745597879;2.8796866121474467e-06
internest.pdf;france;0.9999560183185804;2.1212363376049937e-07;4.484589845876296e-06;0.9999560183185804;5.941566845932878e-07;3.869081125525089e-05
inuse.pdf;france;0.9999201354102807;3.383829886518622e-06;2.006570615616701e-05;0.9999201354102807;2.8978703890566194e-05;2.743634978599373e-05
ionics.pdf;benelux;0.9999623229068602;1.7034550298851053e-07;0.9999623229068602;2.8996792615807303e-05;2.1831550853100244e-06;6.326799935779084e-06
ipsumtek.pdf;france;0.9999935415000282;3.0741151467420605e-07;2.8389777167401593e-06;0.9999935415000282;5.331422662725967e-07;2.7789684742619087e-06
iqrypto.pdf;benelux;0.9999055398871366;7.66107585211487e-07;0.9999055398871366;6.837610510956817e-05;2.4774730539141298e-06;2.2840427114858958e-05
iqunet.pdf;benelux;0.9999775526578933;1.1198318915048215e-06;0.9999775526578933;1.0565555857306613e-05;4.000005106705225e-06;6.761949251016671e-06
istya.pdf;france;0.9999795240200904;3.132548892447993e-08;1.972176617729923e-05;0.9999795240200904;5.898961660395083e-07;1.3299207755607098e-07
japet.pdf;france;0.9999718122909071;3.1528324014764563e-06;2.030568303120426e-05;0.9999718122909071;5.888637033613898e-07;4.140329956703226e-06
keeyaerogel.pdf;france;0.9998871348913356;2.4244208743646744e-05;4.2409209703092415e-05;0.9998871348913356;2.991991556668199e-05;1.6291774650887412e-05
keeyaerogel2.pdf;france;0.999994022718699;1.0239598225101723e-07;3.296650289679454e-07;0.999994022718699;2.9253634009890077e-06;2.619856888748924e-06
keiron.pdf;benelux;0.9999733257375669;1.7080274381258394e-06;0.9999733257375669;8.857318582225437e-06;5.68676478970193e-06;1.0422151623102103e-05
kemiwatt.pdf;france;0.9999982211316423;3.201911679779683e-08;1.3149094368443549e-06;0.9999982211316423;3.635113040200576e-07;6.842849987411167e-08
kheoos.pdf;france;0.9999887740667599;9.179149857632262e-08;6.994668422475942e-06;0.9999887740667599;2.547611972144972e-06;1.591861346835854e-06
komugi.pdf;france;0.9999389443109714;2.251223678845114e-06;1.910166672423535e-05;0.9999389443109714;6.680100438551554e-06;3.302269818696606e-05
kooping.pdf;france;0.9999930406323464;4.003163609287111e-07;5.0573560015917135e-06;0.9999930406323464;5.631094792686709e-07;9.385858117386543e-07
koremetals.pdf;other;0.41518342907858585;0.0007615734991262634;0.32997913299721593;0.040737255853754345;0.2133386085713176;0.41518342907858585
lancey.pdf;france;0.9999743896303691;9.248345036370108e-07;5.927553120048964e-06;0.9999743896303691;2.9531358634053594e-06;1.5804846143956838e-05
laserco.pdf;benelux;0.9999826347241026;1.5853361394108917e-06;0.9999826347241026;4.5342144848287635e-06;1.563351662378138e-06;9.682373610834834e-06
latannerievegetale.pdf;france;0.9999464497347137;2.5380402341681574e-06;2.7564634865952502e-05;0.9999464497347137;2.2227112205926563e-05;1.2204779802543074e-06
leviathandynamics2.pdf;france;0.9999939936219616;7.397923057005632e-07;2.0042840811893095e-06;0.9999939936219616;1.8859275678936185e-06;1.376374083595377e-06
lichens.pdf;france;0.9999949288953237;5.387514918366401e-08;3.949365984336429e-06;0.9999949288953237;1.177122551896302e-07;9.501512873615616e-07
lionvolt.pdf;benelux;0.9999867239028734;3.398887082308143e-06;0.9999867239028734;1.7819672756313182e-06;3.316233418099357e-06;4.779009350753983e-06
lithcote.pdf;benelux;0.9999966763307543;1.3112500827423402e-07;0.9999966763307543;1.8565934293296867e-06;1.463547428004904e-07;1.1895960652677618e-06
litherm.pdf;germany;0.999987733479454;1.5717766152107703e-07;5.654775879861251e-07;9.735797795781109e-06;0.999987733479454;1.8080675007377923e-06
maana.pdf;benelux;0.9999727805817327;1.8278049610344384e-06;0.9999727805817327;6.881203682632745e-06;1.0279035171845681e-06;1.7482506106503806e-05
machine2humansolutions.pdf;germany;0.9999958262988693;1.925117412013439e-07;2.028458529143721e-06;8.093491391185351e-07;0.9999958262988693;1.1433817212547644e-06
magreesource.pdf;france;0.9999976886314159;3.041051358130769e-08;1.0347088717390906e-06;0.9999976886314159;1.1171781630632255e-06;1.290710358309077e-07
manaa.pdf;benelux;0.9999651252232388;8.614974649619712e-07;0.9999651252232388;2.1784916426469325e-05;3.216470694802555e-06;9.011892175034836e-06
mantispectra.pdf;benelux;0.9999521158965599;1.9039494677704956e-06;0.9999521158965599;3.1156853465022326e-05;4.514607247927485e-06;1.0308693259215466e-05
mariepoppies.pdf;benelux;0.999966389059674;1.3188541518349514e-08;0.999966389059674;3.241848345015039e-05;8.300401585401073e-08;1.0962643183668779e-06
matvision.pdf;benelux;0.9999941604830761;9.31577898787519e-09;0.9999941604830761;5.591688318776764e-06;2.3079976977325623e-07;7.713056338119519e-09
mcve.pdf;france;0.999977008095474;1.1051384631119111e-06;1.6794265592026283e-05;0.999977008095474;2.302383221820886e-06;2.7901172489466665e-06
mcve3.pdf;france;0.9999896821070885;9.793446616474925e-07;5.6062435640526014e-06;0.9999896821070885;2.608114482549629e-06;1.1241902034095456e-06
mcve4.pdf;france;0.9999734920303797;4.314734390564669e-08;2.302596697558348e-05;0.9999734920303797;2.282392452471939e-06;1.156462848461789e-06
meam.pdf;benelux;0.999984292538941;1.204779963258207e-06;0.999984292538941;7.31523477264724e-06;2.9878977071787575e-06;4.199548615992956e-06
mecabotix.pdf;france;0.9999639425578138;1.808890062493831e-07;1.710211758336311e-05;0.9999639425578138;1.95985419683144e-07;1.8578450176942792e-05
mecawareA.pdf;france;0.9999960590607831;2.8152316634719864e-07;1.6735818948227484e-06;0.9999960590607831;4.117176479377605e-07;1.5741165078423198e-06
metaliq.pdf;germany;0.9999962368363223;2.0465491668426888e-07;3.8333967041145976e-07;1.5089820988235678e-07;0.9999962368363223;3.024270880661651e-06
mirsense.pdf;france;0.9999614852216264;1.214140568379748e-06;1.9775542599121554e-05;0.9999614852216264;1.215239894528689e-05;5.372696260885774e-06
mitis.pdf;benelux;0.9999740724182253;4.059883419938321e-07;0.9999740724182253;1.9734831068081782e-05;9.6115899638908e-07;4.825603368284475e-06
mobenergy.pdf;france;0.999984926603338;8.100707078904098e-07;1.3549806594450421e-05;0.999984926603338;4.797086859828029e-08;6.655484911359353e-07
mobilitywork.pdf;france;0.9999199203098392;3.436276703817359e-05;2.5990671954745237e-05;0.9999199203098392;1.8609685581815833e-05;1.116565585901479e-06
mobito.pdf;benelux;0.9999465697037034;3.893769546558037e-06;0.9999465697037034;2.9565354818402286e-05;4.660324372552923e-06;1.531084755898423e-05
moiz.pdf;france;0.999993047184691;1.9601503804008864e-07;5.546067226967264e-06;0.999993047184691;7.276062905354982e-07;4.831267537370228e-07
molecularplasmagroup.pdf;benelux;0.9999975081510261;9.986629865157988e-08;0.9999975081510261;9.504372915025532e-07;5.6739802579620854e-08;1.3848055810521498e-06
muodim.pdf;france;0.9999972438618479;1.2886903980881352e-07;5.43746695981671e-07;0.9999972438618479;3.98408695857424e-07;1.6851137207129523e-06
myjiminy.pdf;france;0.9999962309241157;7.770179663182133e-08;2.0841340997531946e-06;0.9999962309241157;5.356844904599633e-07;1.0715554974431766e-06
nanoz.pdf;france;0.9999573733826316;8.381792310640116e-07;2.5465480985887964e-05;0.9999573733826316;5.6981492644408185e-06;1.062480788682852e-05
nature2need.pdf;germany;0.999970094310632;3.428559612889064e-07;6.85161868404883e-06;2.077188863635306e-05;0.999970094310632;1.93932608624236e-06
neextengineering.pdf;france;0.9999897163207001;3.281739781116725e-07;8.582491925585151e-06;0.9999897163207001;1.8506167428682603e-07;1.187951721841787e-06
nestwave.pdf;france;0.999981865431273;4.680762863242906e-08;1.7442192470925198e-05;0.999981865431273;2.479721072465845e-07;3.9759652026448883e-07
neurala.pdf;autres;0.9249952590204362;0.9249952590204362;1.2683464765633297e-06;9.463230655912273e-07;1.4614612634691837e-06;0.07500106484875821
nextind.pdf;other;0.9999825592277789;5.162673406286886e-07;3.2084816933465464e-06;5.616270437499372e-06;8.099752749579198e-06;0.9999825592277789
nexwafe.pdf;germany;0.9999839032504224;1.6285171546525128e-07;3.506216319162436e-06;1.0835627786226821e-05;0.9999839032504224;1.59205375686434e-06
nexxoil.pdf;germany;0.9999817510199438;1.0866890551966873e-06;4.326763674767847e-06;8.36400589249704e-06;0.9999817510199438;4.471521433941743e-06
nexxtlab.pdf;benelux;0.9999749816296503;4.7231597120204677e-07;0.9999749816296503;2.432272948311885e-05;1.4537449624715833e-07;7.795039916955622e-08
nimbleone.pdf;france;0.9999988680735762;4.760783524467103e-08;1.0289853476753592e-06;0.9999988680735762;1.7779328917564314e-08;3.7553911897565015e-08
nimesis.pdf;france;0.9999943364588364;5.747922591795815e-07;3.1352499187477205e-06;0.9999943364588364;9.046230101237974e-07;1.0488759756682533e-06
novacarbon.pdf;france;0.999993181562998;6.729300493434805e-08;2.0738454257626586e-06;0.999993181562998;3.096432744577451e-08;4.646334243975939e-06
novali3.pdf;benelux;0.9999914091794367;1.0426904412810723e-07;0.9999914091794367;5.885071804872092e-07;8.517527566882331e-08;7.812869063109768e-06
novocycle.pdf;other;0.9999780098937856;1.4289745535330953e-06;1.1614399064809207e-05;6.736346287926562e-06;2.21038630823383e-06;0.9999780098937856
novomof.pdf;other;0.9999873048854235;2.160543407512927e-07;9.062384981840388e-06;1.8715642277552215e-06;1.5451110261448365e-06;0.9999873048854235
obeia.pdf;france;0.999998631012467;3.157832783802498e-08;1.2609702465231533e-06;0.999998631012467;5.860225787813908e-08;1.7836700776147456e-08
octofan.pdf;france;0.9999940158013757;1.3578432710099223e-07;5.422178917296769e-06;0.9999940158013757;2.7404085801986533e-07;1.5219452172749662e-07
oghji.pdf;other;0.9669718599462298;2.057815537595311e-05;0.0004401429623147337;0.032464535100482035;0.00010288383559736586;0.9669718599462298
ollow.pdf;france;0.999999718855678;1.576684697408621e-08;3.6795383535868756e-08;0.999999718855678;1.7547811659611704e-07;5.310397500155066e-08
onewatt.pdf;benelux;0.9999890079478152;8.295152475833112e-07;0.9999890079478152;3.428889441986166e-06;5.247782459501884e-06;1.4858650356762814e-06
oppr.pdf;benelux;0.9999855827882437;4.904075232993336e-07;0.9999855827882437;7.687888362851142e-06;5.081445663427655e-06;1.1574702068379433e-06
otiv.pdf;benelux;0.9999943403237639;4.7682563782605625e-07;0.9999943403237639;3.942416467964779e-06;6.528815454983441e-07;5.87552584845476e-07
otiv2.pdf;benelux;0.9999529419113783;1.2456773508125919e-05;0.9999529419113783;2.1698009180282756e-05;8.505963317326086e-06;4.397342615865278e-06
ouat!.pdf;benelux;0.9999648594590198;8.8967666002873e-07;0.9999648594590198;2.6753569093980043e-05;3.735999103202782e-06;3.761296123034663e-06
oxylum.pdf;benelux;0.99998376247716;5.775436649836635e-07;0.99998376247716;3.404652311582819e-06;2.3294855058628735e-06;9.925841357569505e-06
packwise.pdf;germany;0.9999927031665244;1.381201795550697e-06;1.863912562459097e-06;8.474302031443247e-07;0.9999927031665244;3.2042889144462756e-06
pathrobotics.pdf;other;0.9999931777618045;2.0561862221756036e-06;2.5405556783842135e-06;1.4694586188039218e-06;7.560376761580341e-07;0.9999931777618045
pepps.pdf;benelux;0.9999734293428462;4.686988425601249e-07;0.9999734293428462;1.3158002182165368e-05;7.886675460401975e-06;5.057280668867732e-06
phoenixai.pdf;benelux;0.9999972851441589;7.643106513319675e-08;0.9999972851441589;5.390327393942144e-07;1.7346120062001873e-07;1.9259308359297413e-06
phytonics.pdf;germany;0.9999401018657026;2.712797629669402e-06;1.1256127172562264e-05;2.5837243814916404e-05;0.9999401018657026;2.0091965680335014e-05
polypea.pdf;benelux;0.9996325026144343;7.14369094240272e-06;0.9996325026144343;0.0002830814392955541;2.0999258801570452e-05;5.627299652620145e-05
powerlubecontrol.pdf;benelux;0.9999554790597984;2.220055224334016e-08;0.9999554790597984;4.407244772255117e-05;2.2635524871203632e-07;1.9993667819288954e-07
pozyx.pdf;benelux;0.9999970062058561;1.807872493413501e-08;0.9999970062058561;2.532385888431991e-07;3.669091500474482e-07;2.355567680090167e-06
propellane.pdf;france;0.9999934847056147;1.119352470315831e-08;3.247168391015636e-06;0.9999934847056147;1.3273494795851344e-07;3.1241975216805646e-06
purenat2.pdf;france;0.9999487554151655;1.023281093938304e-05;1.6705554559189802e-05;0.9999487554151655;7.1738596124534325e-06;1.713235972361865e-05
pydro.pdf;germany;0.9999234052467811;8.242061034559952e-06;3.368087603189243e-05;2.1384907057963557e-05;0.9999234052467811;1.3286909094479225e-05
qualitics.pdf;benelux;0.9999821353082419;1.004906726761172e-08;0.9999821353082419;1.751098446929121e-05;2.732193122537677e-07;7.043890932292873e-08
reeverse.pdf;france;0.9999995776615646;8.40594865427099e-09;3.426230125345679e-07;0.9999995776615646;6.23957459037969e-08;8.913728403922708e-09
rein4ced.pdf;benelux;0.9999941613259808;7.042218755149009e-09;0.9999941613259808;1.258047268890626e-07;5.256479707797308e-06;4.4934736561063776e-07
rejuice.pdf;benelux;0.999991441259889;8.487357653604153e-08;0.999991441259889;6.030995054823174e-07;1.376399876834658e-06;6.494367152081339e-06
renewind.pdf;benelux;0.9999933035848206;2.7789850259564684e-07;0.9999933035848206;5.189969783998242e-06;9.082162921153799e-07;3.2033060061780557e-07
replace.pdf;france;0.9999697203065704;1.2942334298958478e-07;7.454092674730388e-06;0.9999697203065704;2.2288122984434052e-05;4.0805442744580516e-07
ridergy.pdf;germany;0.9999843294719966;3.614419308254762e-07;1.3328881242281188e-05;2.4208618319465256e-07;0.9999843294719966;1.7381186472100713e-06
rift.pdf;benelux;0.9999782161128336;6.583860741554762e-06;0.9999782161128336;5.137914309268946e-06;3.1126931915225052e-06;6.949418924025964e-06
roav7.pdf;france;0.9999930601336308;8.296283524888273e-07;1.8476712785860948e-06;0.9999930601336308;2.813547051909905e-07;3.981212032980755e-06
rosi.pdf;france;0.9999790978981322;3.535060966556689e-07;1.0321604728464292e-05;0.9999790978981322;4.102200359959718e-06;6.124790682873579e-06
roth2.pdf;france;0.9999945218199486;1.5079793960404663e-07;5.938819346170534e-07;0.9999945218199486;3.419222251706078e-06;1.3142779253087652e-06
rovenso.pdf;other;0.9999894657734009;5.588056949799975e-07;2.4263034328289155e-06;6.03966061697328e-06;1.5094568543222879e-06;0.9999894657734009
sakowin.pdf;france;0.9999711315286173;1.1233651291610946e-06;2.0423076549796366e-05;0.9999711315286173;2.1374159213467458e-06;5.1846137824544185e-06
saturnetechnology.pdf;benelux;0.9999237595776911;4.07231739506506e-06;0.9999237595776911;2.9395115257672305e-05;1.2561941399255244e-05;3.0211048256730174e-05
senergetics.pdf;benelux;0.9999758561878256;1.5415878855876812e-06;0.9999758561878256;6.450416757792298e-06;9.873505410236964e-06;6.278302120637714e-06
senodis.pdf;germany;0.999984285922051;3.7338113022322367e-07;3.0974472102851165e-06;2.873951304632387e-06;0.999984285922051;9.3692983037885e-06
senorics.pdf;germany;0.9999854918258723;3.6972538271866245e-07;9.641504926608203e-06;3.351656374613492e-06;0.9999854918258723;1.1452874438243752e-06
senseven.pdf;other;0.9999808596694159;7.06394518024075e-08;7.296647923263882e-06;2.0618214906285757e-06;9.711221718409937e-06;0.9999808596694159
sereema.pdf;france;0.9999975820352701;2.4612438897125245e-08;1.6727134086511737e-07;0.9999975820352701;2.1829313140527864e-06;4.314963593378234e-08
sesam.pdf;france;0.9999891625022433;3.2729553088927656e-08;4.230719205482453e-06;0.9999891625022433;6.294106925664763e-06;2.7994207238457604e-07
shayp.pdf;benelux;0.9999475056886487;4.944532116525239e-07;0.9999475056886487;4.197297452212219e-05;8.383049380214755e-06;1.6438342373770208e-06
sironatechnologies.pdf;benelux;0.9999884010614565;7.256900225697979e-07;0.9999884010614565;6.860560119947359e-06;9.58783869157617e-07;3.0539045317727195e-06
skydrone.pdf;france;0.999993254962446;1.8065896779051982e-07;1.1636708426609947e-06;0.999993254962446;1.0567114223043745e-07;5.295036601441219e-06
