doc;predicted_country;confidence;proba_autres;proba_benelux;proba_france;proba_germany;proba_other
aircision.pdf;benelux;0.9999767367068203;1.403388310773182e-06;0.9999767367068203;3.0100939198877636e-06;1.383813893572447e-05;5.0116720135083805e-06
clhynn.pdf;france;0.9999980797836561;7.112202070465595e-09;1.8223112766900364e-06;0.9999980797836561;4.806430819844089e-08;4.272855706969684e-08
altosolution.pdf;france;0.9999872115804914;4.3436495404709477e-07;2.719028957782921e-06;0.9999872115804914;1.4116686007719638e-06;8.223356995902699e-06
terakalis.pdf;france;0.9822149841600625;3.947243551661985e-07;0.017782575137691093;0.9822149841600625;7.746188954659429e-07;1.271358995892022e-06
qualitics.pdf;benelux;0.999988566052831;1.0087392372630698e-08;0.999988566052831;1.105978123182177e-05;5.8433000538976916e-08;3.0564554437799525e-07
azteq2.pdf;benelux;0.9999934862498965;3.704323003326713e-08;0.9999934862498965;5.096233824633408e-07;1.7993787354875971e-07;5.78714561735813e-06
ouat!.pdf;benelux;0.9999764630978891;1.3685066237185015e-06;0.9999764630978891;1.657540278344893e-05;3.4692418907737907e-06;2.1237508128546327e-06
getyourway.pdf;benelux;0.9999703928032292;1.116698588116846e-06;0.9999703928032292;2.272978236097218e-06;7.016053782376603e-07;2.5515914568207732e-05
spreeinteractive.pdf;germany;0.9999909413342862;6.347195781055809e-07;3.348339378321322e-06;3.372802923359596e-06;0.9999909413342862;1.7028038338889347e-06
zeppsolutions.pdf;benelux;0.9999785886948632;3.8115688239254044e-06;0.9999785886948632;1.8538470534658224e-06;2.5751681792336394e-06;1.3170721080016782e-05
maymaan.pdf;other;0.9999882686019789;9.269260595971737e-07;3.164737362126662e-06;1.4917498940483486e-06;6.147984705322749e-06;0.9999882686019789
dacma.pdf;germany;0.9999743255183234;7.892724999748169e-07;2.272142394160756e-05;1.3559097534635199e-06;0.9999743255183234;8.078754816413935e-07
biocide.pdf;other;0.9999718402253892;4.967144657768103e-07;1.2080669307663735e-05;1.2815637750162916e-05;2.766753087279326e-06;0.9999718402253892
flasc2.pdf;benelux;0.9999952042024518;8.033862393623654e-07;0.9999952042024518;3.364217391114326e-07;2.2957638627854715e-06;1.3602257070090991e-06
mitis3.pdf;benelux;0.8943915516574612;0.0020698898704299105;0.8943915516574612;0.06454260142603059;0.02344424301374852;0.015551714032329727
amethyste.pdf;france;0.9999549500166939;1.6593158227966444e-06;1.9520314561076944e-05;0.9999549500166939;3.931902782326652e-06;1.9938450139704473e-05
hexana.pdf;france;0.9999773215624068;1.4171195797142532e-07;2.723941227478291e-06;0.9999773215624068;1.542646039613922e-06;1.8270138368359186e-05
pepps.pdf;benelux;0.9999885875222269;1.7386766726702548e-07;0.9999885875222269;8.808609166259515e-06;3.625753848908078e-07;2.067425554679788e-06
lancey.pdf;france;0.9999890163529287;8.294466740683292e-07;2.4205084557114084e-06;0.9999890163529287;2.3220694965528487e-06;5.411622445008139e-06
holy.pdf;germany;0.9999924681098343;3.845465462318272e-07;4.569372140146628e-06;2.585170175223772e-07;0.9999924681098343;2.3194544619569557e-06
hannaprodigy.pdf;other;0.9999764105103374;5.06080822402013e-06;8.801333033768547e-06;3.4424082310115948e-06;6.284940173820666e-06;0.9999764105103374
chemicalnewtech.pdf;other;0.9999848255910094;3.838424988666226e-07;6.752594023016572e-07;7.001945949854697e-06;7.1133611394301505e-06;0.9999848255910094
followinspiration.pdf;other;0.9999861321272703;3.3429937363192486e-06;5.475344897398788e-06;4.869601364575871e-06;1.7993273143826348e-07;0.9999861321272703
nature2need.pdf;germany;0.999905065690033;8.062427437083723e-07;1.9484438613687063e-05;5.2750576251977635e-05;0.999905065690033;2.1893052357480966e-05
dronematrix.pdf;benelux;0.9999995542988712;5.160133666374471e-09;0.9999995542988712;4.120707177291693e-07;5.964968864009735e-09;2.2505308472581166e-08
packwise.pdf;germany;0.9999928186589748;1.1688630294381005e-06;1.5901919194127624e-06;9.275433341371428e-07;0.9999928186589748;3.494742742188809e-06
bloom.pdf;other;0.9999328878145108;4.7105709407997e-06;8.135742747021662e-06;2.9517111766334623e-05;2.4748760035022058e-05;0.9999328878145108
stargate.pdf;other;0.9999838101399533;1.4368619704490247e-06;5.427908642468242e-06;7.788739380668262e-06;1.536350053072257e-06;0.9999838101399533
ridergy.pdf;germany;0.9999127968389926;2.5108449601721156e-06;6.129331934623657e-05;4.0320904612093755e-06;0.9999127968389926;1.936690623986535e-05
aerleum.pdf;france;0.9999465220321564;5.112198951362187e-06;1.9051915655043576e-05;0.9999465220321564;1.2120078241003085e-05;1.7193774996152132e-05
infiniciag.pdf;germany;0.9999857813669738;1.378503118898487e-06;5.729696030934177e-06;3.2910975540107814e-06;0.9999857813669738;3.819336322307954e-06
sunlion.pdf;benelux;0.9999806923206916;5.1832738806605435e-08;0.9999806923206916;1.7704878884584154e-05;6.904402018085059e-08;1.481923664905256e-06
airbooster.pdf;france;0.9999873338553524;1.200000516361459e-06;2.6800698150365747e-06;0.9999873338553524;1.4764583989778282e-06;7.3096159170806065e-06
oqtechnology.pdf;benelux;0.9999859658558929;1.5168749690103503e-06;0.9999859658558929;5.846340744886129e-06;1.0276978589979496e-06;5.643230534342889e-06
bulane.pdf;france;0.9999966313091609;9.633948966584282e-08;1.62448397785348e-06;0.9999966313091609;6.437117952922636e-07;1.0041555764307445e-06
azteq.pdf;benelux;0.9999890842976428;1.1458113232151663e-07;0.9999890842976428;6.869093855621909e-07;9.306535956408374e-06;8.076758828151254e-07
aquilae.pdf;france;0.999986480206088;5.492369537037545e-07;7.109126202181514e-06;0.999986480206088;8.148193162270406e-07;5.046611439916492e-06
v2i.pdf;benelux;0.9999703579064219;3.2479972256636565e-08;0.9999703579064219;2.9473742438562798e-05;5.587940736496799e-08;7.999176011407335e-08
vernaio.pdf;germany;0.9999883585677596;6.563124532431847e-07;2.6769413802085094e-06;7.078647248839081e-07;0.9999883585677596;7.600313682016097e-06
mecawareA.pdf;france;0.9999885327184216;5.356534763402054e-07;9.212568725121694e-06;0.9999885327184216;2.567446811652381e-07;1.4623146958689681e-06
aiblox.pdf;benelux;0.9999823631698362;3.0652874853472384e-07;0.9999823631698362;2.5328832484461417e-06;1.1069302970414483e-05;3.7281151966366804e-06
forecastyai.pdf;germany;0.9999832913712385;7.701364046746991e-07;1.0058487898657045e-05;1.4491386429016937e-06;0.9999832913712385;4.4308658151999705e-06
condugo.pdf;benelux;0.9999971528638996;2.0427917938802733e-08;0.9999971528638996;2.277145838300268e-06;2.9068774289768358e-08;5.204935697680865e-07
brighterbins.pdf;benelux;0.9999963281179127;1.8421126806228512e-08;0.9999963281179127;1.6814360543157175e-07;2.6110456938154105e-08;3.4592068982784897e-06
flasc.pdf;benelux;0.9999956068048471;4.303456838274207e-07;0.9999956068048471;7.708930838637196e-07;2.0425324890421082e-07;2.9877031360171826e-06
ipsumtek.pdf;france;0.9999968174290959;8.924046090948063e-08;1.4651391835051843e-06;0.9999968174290959;4.800903382190553e-07;1.148100921793653e-06
waterhorizon.pdf;france;0.9999716011875283;1.7547020038066924e-06;1.0525292486694729e-05;0.9999716011875283;1.1802150196024893e-06;1.4938602961425267e-05
ysenergiesmarines.pdf;france;0.9999986104674173;1.0369758840263427e-08;1.2256359815045554e-06;0.9999986104674173;1.1720341143384984e-07;3.632343090791329e-08
dessia.pdf;france;0.9999692303063473;4.266683732055935e-06;7.604914991108321e-06;0.9999692303063473;3.3552108011361307e-06;1.5542884128404716e-05
latencetech.pdf;other;0.9999779136351555;8.158903235803391e-07;6.09174842866438e-06;1.3679215225598383e-05;1.4995108665775221e-06;0.9999779136351555
blixt.pdf;other;0.9999693591756081;6.015160482536774e-07;2.907754696507329e-05;2.4457349359927236e-07;7.171878848182448e-07;0.9999693591756081
coldpad2.pdf;france;0.9999998124766832;1.8649027905330876e-08;9.767464103105634e-08;0.9999998124766832;4.164537064959654e-08;2.9554277330483722e-08
twinsity.pdf;germany;0.9999756051647647;2.892465238562089e-06;7.420492165859285e-06;1.3754463793939688e-06;0.9999756051647647;1.2706431451562406e-05
iqrypto.pdf;benelux;0.9999923543922015;1.3219203066603818e-07;0.9999923543922015;4.390189538573945e-06;7.425897591189234e-07;2.3806364702773525e-06
herontrack.pdf;benelux;0.9999869538693694;9.895509203300722e-09;0.9999869538693694;1.043095378270199e-05;1.751889208614546e-08;2.5877624466295877e-06
starcopter.pdf;germany;0.9999790515122955;8.545628965262997e-07;3.857447168490291e-06;9.400760517411235e-06;0.9999790515122955;6.8357171218829965e-06
latannerievegetale.pdf;france;0.999966438778342;4.406175305614155e-06;7.713801004084198e-06;0.999966438778342;1.6500866424968244e-05;4.9403789233954e-06
spark2.pdf;france;0.9999716950557475;2.44870511650397e-07;2.244290795359186e-07;0.9999716950557475;1.3488476618852731e-05;1.4347168042658852e-05
mirsense.pdf;france;0.9999419520566677;1.8910001376001664e-06;2.9589422372949435e-05;0.9999419520566677;1.8218599914723988e-05;8.348920906867934e-06
novali3.pdf;benelux;0.9999918488607954;3.644254375940788e-08;0.9999918488607954;1.8024903232146134e-08;1.1967530230682006e-08;8.084704227538447e-06
uware.pdf;benelux;0.9999939399406018;1.323813342660456e-07;0.9999939399406018;1.3987001914293405e-06;1.0291118182816979e-06;3.499866054058779e-06
litherm.pdf;germany;0.9999845570399265;1.305165437035524e-07;2.4684197035458224e-07;1.3653148540491638e-05;0.9999845570399265;1.412453018907286e-06
chemalive.pdf;other;0.9999965028749905;3.5004949011913454e-07;2.016270162722784e-06;8.713293162722645e-08;1.043672424876339e-06;0.9999965028749905
delair.pdf;france;0.9999994234214462;1.9553508154902308e-08;4.606021913658443e-07;0.9999994234214462;7.38584410834242e-08;2.2564413112980648e-08
everysens.pdf;france;0.9999760037665709;2.686662474416236e-07;1.52930369439397e-05;0.9999760037665709;7.386065223620096e-06;1.0484650139790683e-06
bluepowersynergy.pdf;benelux;0.9999901018694511;2.2980955917245226e-06;0.9999901018694511;3.573264226915887e-06;1.87794966623286e-06;2.14882106386044e-06
swoopenergy.pdf;france;0.9999482226556283;3.2235936821007314e-06;2.663554934346626e-05;0.9999482226556283;2.3179405732013545e-06;1.9600260773045673e-05
sylfen.pdf;france;0.9999799646189914;2.3394148351021183e-07;7.349166275628269e-07;0.9999799646189914;1.8857688086632237e-05;2.0883481105248429e-07
elekey.pdf;germany;0.9999947336460276;2.1500465101636853e-07;1.8117010425405473e-06;2.9235476990868378e-06;0.9999947336460276;3.16100579588706e-07
emtdlab.pdf;benelux;0.9999820998555352;1.8070181061531684e-07;0.9999820998555352;6.642756825977748e-06;3.6096776960438457e-07;1.0715718058551416e-05
tihive.pdf;france;0.9999393498597927;2.232020032262193e-06;1.8371412657794102e-05;0.9999393498597927;9.50439963035075e-06;3.054230788683698e-05
echemicles.pdf;other;0.9999914795489732;4.2464608786372307e-07;6.468221255234487e-06;8.812600476505664e-07;7.463236360218092e-07;0.9999914795489732
comppair.pdf;other;0.9999589326275428;4.216955927897964e-06;1.1016031870834484e-05;7.0095565595307935e-06;1.8824828099005747e-05;0.9999589326275428
pydro.pdf;germany;0.9999493509374807;1.8842135821993871e-06;3.03305854536933e-05;7.5783500246051755e-06;0.9999493509374807;1.0855913458753503e-05
sunmaxx.pdf;germany;0.999985659298661;3.1852919620698704e-07;2.8699563743393886e-07;1.1640021708931374e-05;0.999985659298661;2.0951547964624124e-06
postura.pdf;other;0.8235132889987761;2.7361526447194223e-05;0.1763894832660137;5.8466710523463706e-05;1.1399498239473591e-05;0.8235132889987761
senorics.pdf;germany;0.9999880960671368;1.5790974428612915e-07;3.837553982703115e-06;3.8116521669515998e-06;0.9999880960671368;4.096816969251094e-06
lynxter.pdf;france;0.9999720348568517;3.4726182946307707e-06;1.4294009226318373e-05;0.9999720348568517;8.458707820436609e-06;1.7398078070101937e-06
wattalps.pdf;france;0.999985358836399;7.542142667319814e-07;5.012251447764637e-06;0.999985358836399;5.215662845116466e-06;3.6590350413942074e-06
blooloc.pdf;benelux;0.9999969488941978;1.0937479432373864e-07;0.9999969488941978;3.5325272541837424e-07;2.239797403806884e-06;3.4868087848622595e-07
mecabotix.pdf;france;0.9999731844506037;3.541456198312174e-07;1.5902688293242024e-05;0.9999731844506037;2.4285697609132226e-06;8.130145722277381e-06
uware2.pdf;benelux;0.9999939399406018;1.323813342660456e-07;0.9999939399406018;1.3987001914293405e-06;1.0291118182816979e-06;3.499866054058779e-06
covess.pdf;benelux;0.9999776920814496;2.913186687469982e-06;0.9999776920814496;1.4820806079524563e-05;8.186217131467703e-07;3.7553040703125497e-06
anisoprint.pdf;benelux;0.9999756715436864;2.702979846349941e-06;0.9999756715436864;5.352655049034554e-06;2.155390105730636e-06;1.4117431312435829e-05
leviathandynamics2.pdf;france;0.9999985419638386;3.492749222308975e-08;8.972448000788908e-08;0.9999985419638386;1.2829342287372364e-07;1.2050907662076443e-06
storh.pdf;other;0.9998886958724514;2.541905379060713e-06;6.072978922315221e-07;0.00010653880643386196;1.6161178434153722e-06;0.9998886958724514
kooping.pdf;france;0.9999954575553065;3.0944188389090576e-07;2.360973138768391e-06;0.9999954575553065;3.4883118296305145e-07;1.5231984877861868e-06
beelse.pdf;france;0.9999873516886186;1.4010905343084684e-07;6.118019976120859e-07;0.9999873516886186;4.3858635094736575e-07;1.1457813979333256e-05
variolytics.pdf;germany;0.9999855481562109;9.13948199105914e-08;1.3019178411955647e-05;3.6457407813890346e-07;0.9999855481562109;9.766964790404104e-07
graphmatech.pdf;other;0.999977682580547;6.929963881755209e-07;1.3935955239319578e-05;2.0183485557542027e-06;5.670119269777231e-06;0.999977682580547
rein4ced.pdf;benelux;0.999991567589576;9.962700495534998e-09;0.999991567589576;4.570744204761597e-07;7.352778583269887e-06;6.12594719619727e-07
roth2.pdf;france;0.9999968438033267;1.4614147826027467e-07;7.089819923398487e-07;0.9999968438033267;1.5840789276236669e-06;7.169942748652578e-07
dionymer.pdf;france;0.9999990264369271;6.064451444335597e-07;1.326011942731519e-07;0.9999990264369271;2.1801126064314714e-07;1.65054736625781e-08
lithcote.pdf;benelux;0.9999943228407099;3.633221277569873e-08;0.9999943228407099;5.310312710303235e-06;9.348043960742233e-08;2.3703392743309023e-07
bonidriver.pdf;germany;0.9999815956465657;4.5261429766185513e-07;5.204443227877018e-06;1.986919039798538e-06;0.9999815956465657;1.0760376869025147e-05
bianergy2.pdf;benelux;0.9999778529525802;8.708613131277432e-06;0.9999778529525802;3.184772839481991e-06;4.9333704761691755e-06;5.320290972586192e-06
internest.pdf;france;0.9999653978086265;1.2996624309830246e-07;1.4847266650633725e-05;0.9999653978086265;4.504823543241234e-08;1.9579910244403838e-05
mat4green.pdf;other;0.60325006063942;0.002653476107496626;0.19353240645947517;0.006061032730854364;0.1945030240627538;0.60325006063942
voleatech.pdf;germany;0.9999751149536681;3.237499962124891e-07;3.1938955649563367e-06;1.6632486206240487e-05;0.9999751149536681;4.73491456453838e-06
effitrax.pdf;benelux;0.9999887908184554;1.805938250297854e-08;0.9999887908184554;1.107164184494751e-05;7.153394409113621e-08;4.7946373129113194e-08
avoxt.pdf;benelux;0.999948083342373;1.9332130001924613e-06;0.999948083342373;3.372879595907987e-06;2.0954164329008927e-05;2.565640070196236e-05
alberts.pdf;benelux;0.9999801370318548;2.2082033238605497e-06;0.9999801370318548;7.109735715697706e-06;9.449347248982727e-06;1.0956818565620495e-06
sereema.pdf;france;0.9999960393615216;5.196333547384347e-08;9.68332275809195e-07;0.9999960393615216;2.760149393220701e-06;1.8019347379632273e-07
inflights.pdf;benelux;0.9999810790291895;5.168546374050005e-07;0.9999810790291895;1.0725817060434882e-05;1.8356877284079165e-06;5.8426113842876934e-06
qcoat.pdf;germany;0.9999954322594676;8.526473883985578e-08;7.295911893627916e-07;5.650649347766839e-07;0.9999954322594676;3.1878196693957303e-06
waterstuffsun.pdf;germany;0.9999814263654492;1.1412148570755646e-06;8.632928106658604e-06;1.4273635643933198e-06;0.9999814263654492;7.372128022711301e-06
borealesenergy.pdf;france;0.9999868336315445;1.1209879739221594e-07;5.967331644627559e-06;0.9999868336315445;1.6995880268878317e-06;5.3873499866590195e-06
senseven.pdf;other;0.9999793693064744;1.0332080989234908e-07;8.941462881602917e-06;2.0015603198390185e-06;9.584349514336237e-06;0.9999793693064744
diamfab.pdf;france;0.9999926587478299;5.877032365764962e-07;1.8067557635461064e-06;0.9999926587478299;1.512486015483057e-06;3.4343071544711623e-06
comsens.pdf;benelux;0.9998605303513006;7.180649707422542e-08;0.9998605303513006;6.141397610447175e-07;0.00013482570971545222;3.957992725735728e-06
otiv.pdf;benelux;0.9999970114269426;2.897277479156026e-07;0.9999970114269426;1.2469514401715154e-06;1.52455661908901e-07;1.2994382075100494e-06
akvola.pdf;germany;0.9999857734073851;5.639944928889275e-07;9.944760698507362e-06;2.493756849506322e-07;0.9999857734073851;3.468461738305573e-06
cilkoa.pdf;france;0.9999772197603882;2.4439715925317534e-06;1.2108052936913986e-05;0.9999772197603882;4.933474071779464e-06;3.2947410105477405e-06
uavia.pdf;france;0.9999702744780514;3.005864011709091e-06;9.692574693168792e-06;0.9999702744780514;1.2510699044135684e-06;1.5776013339578427e-05
akryvia.pdf;france;0.9999584678510773;5.124828302738747e-06;1.2725122785558065e-05;0.9999584678510773;1.640838340356966e-05;7.2738144307979395e-06
torwash.pdf;benelux;0.9999518504068148;1.2686998739464444e-06;0.9999518504068148;1.4790731837419329e-05;1.8177058898401746e-05;1.3913102575459498e-05
graphmatec.pdf;other;0.8709894646461023;0.0012537224029031823;0.01698779229640323;0.045086875746432206;0.06568214490815917;0.8709894646461023
uze.pdf;benelux;0.9999889286869734;2.3442993556598246e-07;0.9999889286869734;5.531813805339642e-06;1.3502830227644742e-06;3.9547862629319964e-06
sogilis.pdf;france;0.999987555690069;1.43265094040941e-06;2.5715936910649507e-06;0.999987555690069;3.8010046491775978e-06;4.639060650186102e-06
carbodown.pdf;france;0.9999957498589118;7.149884077445965e-08;2.4104025802648463e-06;0.9999957498589118;3.073202717733781e-07;1.4609193954001005e-06
alouette.pdf;france;0.999973621834742;1.4876711954495915e-06;2.128218791654628e-05;0.999973621834742;1.9283405682499713e-06;1.679965577850512e-06
hiqutediamond.pdf;france;0.9999922621558671;9.361740689277545e-08;5.412037084482417e-06;0.9999922621558671;5.031061831197252e-07;1.7290834583749826e-06
exomatter.pdf;germany;0.9999712641298694;2.365318630321044e-06;1.6685680616642022e-05;3.898553566310504e-06;0.9999712641298694;5.786317317359801e-06
holosolis.pdf;france;0.9999980865639764;2.5013616984629064e-08;7.864056752351617e-07;0.9999980865639764;9.817321778458486e-07;1.2028455368755508e-07
stabilogreen.pdf;benelux;0.9999819330361588;2.3635039500716372e-08;0.9999819330361588;1.750403529523869e-05;1.3304178546365376e-07;4.0625172107383424e-07
epsiline.pdf;france;0.999991828781985;7.536914971034858e-08;6.7545956788633335e-06;0.999991828781985;6.929309279306519e-07;6.483222583611308e-07
senodis.pdf;germany;0.9999852144148152;1.11767226845091e-07;4.15996922992068e-06;1.4286863906175905e-06;0.9999852144148152;9.085162337447858e-06
roav7.pdf;france;0.9999870279972823;9.697490262531438e-07;6.3767432455460384e-06;0.9999870279972823;5.050104486262614e-07;5.12049999711962e-06
ecop.pdf;autres;0.9618238857134482;0.9618238857134482;7.008317197778236e-07;1.4792263788487396e-06;2.013703413209462e-06;0.03817192052503996
mobito.pdf;benelux;0.9999752935981309;3.6503428120720676e-06;0.9999752935981309;5.728248891841707e-06;5.8699219169347455e-06;9.457888248216434e-06
mitis.pdf;benelux;0.9999813987282175;1.40429169591034e-07;0.9999813987282175;1.564871446746731e-05;1.0095479370382233e-07;2.7111733516161317e-06
enjay.pdf;benelux;0.860813523602247;0.002113125679256115;0.860813523602247;0.02432859618994465;0.011161965366671477;0.10158278916188063
actblade.pdf;other;0.9999889829366627;1.5485896482183803e-07;1.9281030018365556e-06;4.754175735276543e-06;4.179925635281128e-06;0.9999889829366627
bladesense.pdf;france;0.9999965736129406;8.180914767246407e-08;5.397832564195617e-07;0.9999965736129406;1.687097082377857e-06;1.1176975729948239e-06
azuredrones.pdf;france;0.999992610296587;4.476770257686169e-08;3.2032243256528165e-06;0.999992610296587;9.496922496300614e-07;3.192019135096171e-06
aloxy.pdf;benelux;0.9999695424650399;1.516798411995955e-06;0.9999695424650399;6.506158524747739e-06;5.703708270037462e-06;1.6730869753390617e-05
cixten.pdf;france;0.9999889060675571;4.497874646299769e-08;2.588732081720432e-06;0.9999889060675571;7.1146690279146425e-06;1.3455525867313675e-06
ollow.pdf;france;0.999999830902446;1.1089723527976815e-08;5.298925525943999e-08;0.999999830902446;7.591992761127786e-08;2.9098647496039254e-08
sironatechnologies.pdf;benelux;0.9999810006953386;1.3532268172323509e-06;0.9999810006953386;1.272046352823267e-05;2.4705721086791745e-06;2.4550422073898826e-06
dropslab.pdf;benelux;0.9999799927176947;1.894414634992277e-07;0.9999799927176947;1.0126015337018583e-06;8.128055197188917e-07;1.7992433788410625e-05
visplore.pdf;other;0.9999826133775097;3.7784957041313464e-07;7.718245172868892e-06;1.135090282918559e-07;9.177018718626454e-06;0.9999826133775097
hevatech.pdf;france;0.9999964736365986;8.058305503212787e-08;2.512159082734653e-07;0.9999964736365986;2.927689680805457e-06;2.668747572657005e-07
teeptrak2.pdf;france;0.9999785938144647;2.603131435875912e-07;1.906532375621621e-05;0.9999785938144647;9.402579899730489e-07;1.140290645575039e-06
grownbio.pdf;benelux;0.9999869596746268;3.4820099644011066e-07;0.9999869596746268;5.518085940744289e-06;2.3609012796158406e-06;4.813137156450982e-06
voltr.pdf;france;0.9999976120474448;1.5855638634109508e-08;1.6678083537091102e-06;0.9999976120474448;6.110328463216827e-07;9.325571677711878e-08
nexwafe.pdf;germany;0.9999918729387993;2.751218609306153e-07;2.6715414687358927e-06;1.291706368255612e-06;0.9999918729387993;3.888691502846541e-06
otiv2.pdf;benelux;0.9999721816038878;7.766453648139073e-06;0.9999721816038878;1.3803680886560341e-05;2.9187257808247653e-06;3.3295357964969545e-06
maana.pdf;benelux;0.9999800343082198;1.9496353408413597e-07;0.9999800343082198;5.5342891406737254e-06;6.639002786591254e-08;1.4170049077552686e-05
huskk.pdf;benelux;0.9999599728919912;6.753837337191006e-07;0.9999599728919912;1.530609004268983e-06;3.439195663313023e-05;3.429158637774113e-06
wizata.pdf;benelux;0.9999675974127411;6.349420345747656e-07;0.9999675974127411;4.4498001016609826e-06;2.883948599946881e-07;2.7029450262954632e-05
effectsphotonics.pdf;benelux;0.9999867845424287;4.544138071598287e-07;0.9999867845424287;4.987265583295404e-06;6.966194487092662e-06;8.075836937612252e-07
fountainfuel.pdf;benelux;0.9999922792929435;4.541657528152379e-07;0.9999922792929435;7.681099655976768e-07;5.238341003000548e-06;1.260090334876057e-06
dryad.pdf;benelux;0.9999726675765931;1.2464838562558888e-06;0.9999726675765931;8.043715812601693e-07;1.917509134885453e-05;6.106476620543872e-06
cybus.pdf;germany;0.9999783655502297;1.2362568636828494e-06;9.01618502475478e-06;1.0690786770796631e-06;0.9999783655502297;1.0312929204727172e-05
replace.pdf;france;0.9999820861195112;1.2159850481688522e-07;6.691709865182227e-06;0.9999820861195112;9.072354524404183e-06;2.0282175944033804e-06
magreesource.pdf;france;0.9999981121896175;3.531441591583977e-08;9.926007790175022e-07;0.9999981121896175;6.406099687130294e-07;2.1928521889429973e-07
myjiminy.pdf;france;0.9999923878800545;6.160309554259452e-08;7.3781973261216515e-06;0.9999923878800545;7.875167537278995e-08;9.356784852530777e-08
appsilon.pdf;benelux;0.9999688188588592;8.220799617973945e-07;0.9999688188588592;2.7383859002543716e-06;1.0326737388000145e-05;1.7293937890892583e-05
elugie.pdf;benelux;0.9999987477608443;5.115648156621777e-08;0.9999987477608443;6.123831284669059e-07;9.537988849110636e-08;4.933196571939527e-07
askforthemoon.pdf;france;0.999997954985847;7.327865875074425e-08;1.4434861588798803e-06;0.999997954985847;3.8434423392887027e-07;1.4390510147796924e-07
hysilabs.pdf;france;0.9999922487027486;1.7748418066199775e-07;1.7333066212384633e-06;0.9999922487027486;1.7287150941381142e-07;5.667634940205949e-06
zensor.pdf;benelux;0.9999204527124168;2.3615720283889695e-06;0.9999204527124168;1.9043576811720028e-05;2.808384442169657e-05;3.0058294321117065e-05
entras.pdf;benelux;0.999991340810714;6.868323051826433e-08;0.999991340810714;2.39886254703271e-06;2.8840213716560185e-06;3.307622136988112e-06
intelligentfluids.pdf;germany;0.99998366973965;2.7183815829325235e-07;1.5993168930486386e-06;6.923601862128648e-06;0.99998366973965;7.5355034364481485e-06
metaliq.pdf;germany;0.9999974611938538;3.5377098856839224e-08;3.881825135696314e-08;5.938727780468109e-07;0.9999974611938538;1.870738017850096e-06
mcve3.pdf;france;0.9999883161655986;4.2305931338548186e-07;5.504154098793167e-06;0.9999883161655986;2.2468331650498654e-06;3.50978782421555e-06
arkcapturesolutions.pdf;benelux;0.9999630194457425;6.432290997946945e-06;0.9999630194457425;1.486732361257755e-05;1.1525634782619444e-05;4.155304864320777e-06
imsystems.pdf;benelux;0.9999668356352874;1.0733147962266383e-06;0.9999668356352874;1.2363893906895733e-05;4.179996085357091e-06;1.554715992417305e-05
purenat2.pdf;france;0.9999564076762698;1.579370514597942e-06;4.859204123155966e-06;0.9999564076762698;5.076757739418638e-06;3.207699135291585e-05
ehgroup.pdf;other;0.9976959002133803;2.0485655757961557e-05;0.000991417858069517;0.0008062941921283585;0.00048590208066392104;0.9976959002133803
carbyon2.pdf;other;0.9999903557196533;7.541046623330008e-07;5.821954250271849e-06;2.431663804931541e-06;6.365576290422714e-07;0.9999903557196533
swanh.pdf;france;0.9999686088056537;8.673292993093766e-07;5.173275118581284e-06;0.9999686088056537;6.8837315580407755e-06;1.8466858370159655e-05
viridianlithium.pdf;france;0.9999958303653773;5.727912707224989e-07;1.167464632886326e-06;0.9999958303653773;8.844210512635562e-07;1.544957667799317e-06
yazzoom.pdf;benelux;0.9999945892824728;5.962740332351131e-07;0.9999945892824728;1.0565611567803089e-06;1.4307899966800826e-06;2.327092340470746e-06
wayout.pdf;other;0.9999916597575561;9.405887654810938e-07;2.7295688576132007e-06;1.6183605503644752e-06;3.0517242705025714e-06;0.9999916597575561
sakowin.pdf;france;0.9999634509459777;1.6006020271224825e-06;2.0259277871742706e-05;0.9999634509459777;7.1165996234170695e-06;7.572574499849695e-06
edgetech.pdf;france;0.9999922832731587;7.478743497975656e-08;1.52290999565908e-06;0.9999922832731587;5.0666198522363175e-06;1.0524095583964688e-06
nexxoil.pdf;germany;0.9999897965435698;2.6885485886142914e-07;2.2888932013879432e-06;4.643334242396163e-06;0.9999897965435698;3.0023741276775418e-06
komugi.pdf;france;0.9999579949237891;1.5256571398743783e-06;1.5174868734570906e-05;0.9999579949237891;2.4534910557719483e-06;2.28510592805936e-05
sunmaxx2.pdf;germany;0.9999945505922452;1.4115229285201611e-06;8.496083224520229e-07;1.8488083437631698e-06;0.9999945505922452;1.33946815999324e-06
tiamat.pdf;france;0.9999948534422748;5.888597420423312e-08;5.531031013655192e-07;0.9999948534422748;4.475295677529767e-06;5.9272972058064554e-08
ineratec.pdf;germany;0.9999992794808894;7.820311416459046e-08;2.873634853374861e-07;2.9680176976097125e-07;0.9999992794808894;5.8150741305161456e-08
lichens.pdf;france;0.9999991471564077;1.3793391376483843e-08;6.935521709287142e-07;0.9999991471564077;6.399595385026691e-08;8.150207604136408e-08
companionenergy.pdf;benelux;0.9999803603177283;3.6706567671920304e-08;0.9999803603177283;3.8501445878672015e-06;1.0105601269974295e-07;1.565177510339133e-05
kemiwatt.pdf;france;0.9999962766696949;2.2112478085397147e-08;3.5459141245751555e-06;0.9999962766696949;1.0310288350771919e-07;5.220081898283995e-08
novacarbon.pdf;france;0.9999901708202893;1.787179210992835e-07;6.945674504739914e-06;0.9999901708202893;2.3926353212926706e-07;2.4655237525698733e-06
turbit.pdf;germany;0.9999842691749901;1.240409584123644e-06;2.6965430128688615e-06;1.9889588974988167e-06;0.9999842691749901;9.804913515549143e-06
lmo.pdf;benelux;0.9999860915662533;1.2227500628560752e-08;0.9999860915662533;1.314562072155595e-05;9.048596981446155e-08;6.600995548800216e-07
senergetics.pdf;benelux;0.9999807210975166;7.721076514106516e-07;0.9999807210975166;1.7654251571886139e-06;9.586349000532242e-07;1.5782734774975306e-05
gaya.pdf;france;0.9999949912526518;7.095922323795699e-08;3.3433253085283344e-06;0.9999949912526518;9.278609832755041e-08;1.5016767179571776e-06
enadyne.pdf;germany;0.9999830168564942;1.0908589724178814e-06;2.2233818071215187e-06;2.4924754601785492e-06;0.9999830168564942;1.1176427266196972e-05
ananke.pdf;france;0.9999969587867803;8.941262980406394e-08;9.139750550651543e-07;0.9999969587867803;1.8115083391833856e-06;2.263171954639534e-07
esnah.pdf;benelux;0.9999916353514396;3.175316595757804e-07;0.9999916353514396;1.6381072457583242e-06;2.087392940480531e-06;4.321616714464184e-06
wizata2.pdf;benelux;0.9999989501078075;1.5586190098841924e-07;0.9999989501078075;2.647318825379147e-07;2.5777584867786633e-07;3.7152256036638294e-07
pozyx.pdf;benelux;0.9999963812157217;1.675296922897739e-08;0.9999963812157217;4.388667079047022e-07;1.95315916454818e-06;1.2100054367107594e-06
novomof.pdf;other;0.9999718745301514;4.255303643402993e-07;1.7688580546568166e-05;7.616672482557527e-06;2.3946864553088793e-06;0.9999718745301514
phytonics.pdf;germany;0.99996633328268;1.2697970001960265e-06;6.033811772592752e-06;8.298998934599475e-06;0.99996633328268;1.806410961250545e-05
renewind.pdf;benelux;0.9999773687773192;7.45010530944758e-08;0.9999773687773192;7.235913489976449e-07;1.7689350025841747e-06;2.0064195276231423e-05
mpg.pdf;benelux;0.9999968142936841;3.44755514935249e-07;0.9999968142936841;9.601427338034726e-07;6.869776484500293e-07;1.193830418419711e-06
pathrobotics.pdf;other;0.999983926290353;2.9379205967178376e-06;4.8517305250459585e-06;7.795983025013108e-06;4.880755001941842e-07;0.999983926290353
edock.pdf;benelux;0.9999993487753831;1.2195793939780474e-07;0.9999993487753831;2.9370489600652704e-07;1.422190899704792e-07;9.334269145686803e-08
eqon.pdf;other;0.9999723588331308;2.8888837609033695e-06;1.1955530187998413e-05;1.0525557603170182e-05;2.271195317126507e-06;0.9999723588331308
grandperspective.pdf;germany;0.9999908647424594;8.568028244519576e-07;1.9977665054235594e-06;4.930031326224378e-06;0.9999908647424594;1.3506568847249458e-06
nanoz.pdf;france;0.9999876907473656;3.566463807902816e-07;6.034453415017514e-06;0.9999876907473656;2.141427913380641e-06;3.776724925183615e-06
shayp.pdf;benelux;0.9999617045489184;7.799543866788758e-07;0.9999617045489184;2.5229721597554474e-05;9.966512601878271e-06;2.3192624954999413e-06
oghji.pdf;other;0.9988776126237232;1.9300901238594117e-06;5.880491883367488e-05;0.0010538961566886468;7.756210630540192e-06;0.9988776126237232
phoenixai.pdf;benelux;0.9999995282110606;2.2180443389800532e-08;0.9999995282110606;2.74380137056819e-07;1.3142267381938225e-07;4.3805685126243846e-08
electrochaea.pdf;germany;0.9999810453512454;1.3533157681113197e-06;6.468684865316673e-06;2.3202982448286447e-06;0.9999810453512454;8.812349876312841e-06
ghyga.pdf;france;0.9999975081341977;3.103611267603883e-08;6.996104287434424e-07;0.9999975081341977;1.5596232077705426e-06;2.0159605308938485e-07
wiidetect.pdf;france;0.9999962066096413;2.6586665969822997e-08;2.831696555003651e-06;0.9999962066096413;2.933446608114396e-07;6.417624768313535e-07
batiprint3d.pdf;france;0.9999990243060243;1.2632110790261382e-08;8.625264915858918e-07;0.9999990243060243;1.992601363281699e-08;8.060935984202534e-08
altransenergy.pdf;france;0.9999974307083838;4.205542593244901e-08;1.628721526005404e-06;0.9999974307083838;2.9402666575327235e-07;6.044879984760893e-07
nimesis.pdf;france;0.9999854977056744;4.1974592919081814e-07;1.0024565477050216e-05;0.9999854977056744;2.2354054918796707e-07;3.834442370108166e-06
ecellix.pdf;other;0.9999867841052646;5.616644945885469e-06;2.894354430741755e-06;2.1302553892136124e-06;2.574639969488851e-06;0.9999867841052646
saturnetechnology.pdf;benelux;0.9999415903843011;3.591940493202999e-07;0.9999415903843011;2.1124672961377304e-05;1.6439637338416493e-06;3.5281784954558164e-05
farwind.pdf;france;0.999995429394067;2.2920063799789176e-07;2.106041109666209e-06;0.999995429394067;1.4782550868657513e-06;7.571090983042798e-07
deloq.pdf;benelux;0.9999891958711747;6.290067175916165e-07;0.9999891958711747;5.44212380403333e-06;2.305970317885783e-06;2.4270279858405616e-06
xeryon.pdf;benelux;0.9999550601497029;1.5070282883163696e-06;0.9999550601497029;3.1411939384135045e-06;9.573814711925281e-06;3.071781335825664e-05
brolz.pdf;benelux;0.9999797183062478;3.151518610237625e-08;0.9999797183062478;1.869708135159683e-05;2.400307188577858e-07;1.3130664955214037e-06
ecobot.pdf;other;0.9999763209012071;6.095184193380117e-08;8.432684148230067e-06;1.3152834746171098e-05;2.0326280564857746e-06;0.9999763209012071
matvision.pdf;benelux;0.9999974949099225;5.689625390364963e-09;0.9999974949099225;2.382806193659779e-06;1.1293027048882085e-07;3.6639878561603457e-09
vulkam.pdf;france;0.9999794390344314;3.928613447468063e-06;5.01365175825232e-06;0.9999794390344314;4.139224017569927e-06;7.479476345416356e-06
istya.pdf;france;0.9999731602817526;3.789509764078353e-08;2.511890771499661e-05;0.9999731602817526;3.3251261640793103e-07;1.3504028182097195e-06
genesink.pdf;france;0.9999497626649512;2.4128763185979956e-06;2.4717526136165076e-06;0.9999497626649512;2.6489559052034327e-05;1.8863147064627758e-05
moiz.pdf;france;0.9999969550178076;4.57090979182695e-08;9.38919727087522e-07;0.9999969550178076;1.1704935433034385e-07;1.9433040129046327e-06
actronika.pdf;france;0.9999701459823044;4.4265243397655487e-07;1.697535762658556e-05;0.9999701459823044;7.053940742718283e-06;5.382066892380494e-06
cosmotech.pdf;france;0.999962253607713;1.2198362677723821e-06;8.830833978605044e-06;0.999962253607713;2.466218255660698e-06;2.5229503784904823e-05
sesam.pdf;france;0.9999848053724152;1.4117739513745404e-07;3.8608550684022905e-06;0.9999848053724152;9.418429659875448e-06;1.7741654613469e-06
rejuice.pdf;benelux;0.9999942161698766;3.692090496238224e-08;0.9999942161698766;1.2251242419212816e-06;2.5018304175847577e-06;2.0199545585971233e-06
nextind.pdf;other;0.9999698113820753;5.52264019232603e-07;4.30943950962654e-06;8.227534228814252e-06;1.7099380166983753e-05;0.9999698113820753
adlc.pdf;benelux;0.9999997386451781;1.4205085311103834e-08;0.9999997386451781;9.409544451353578e-08;1.430615675781316e-07;9.992724181367226e-09
teratonics.pdf;france;0.9999892832453733;1.5512952430257598e-07;4.480698553407667e-06;0.9999892832453733;5.298038274321772e-06;7.828882748185836e-07
fendsea.pdf;france;0.999963295050516;8.288804683829864e-08;2.044074802837709e-05;0.999963295050516;2.7938157195609084e-06;1.3387497689234958e-05
beagle.pdf;other;0.9999829103771414;2.1065043124502945e-07;6.213982706770587e-06;1.2612889470421326e-06;9.403700773626117e-06;0.9999829103771414
angara.pdf;benelux;0.999525264900178;4.221994517917379e-05;0.999525264900178;0.00014438934478075896;7.495541116323161e-05;0.0002131703986987774
muodim.pdf;france;0.9999986195188891;4.9768987325853694e-08;1.3153251249679054e-07;0.9999986195188891;1.3098152755569354e-07;1.0681980836218413e-06
2dfab.pdf;germany;0.6938844794442592;0.07103592071866667;0.06783818984132281;0.00501093297911543;0.6938844794442592;0.16223047701663573
hoeller.pdf;germany;0.9999890213250829;4.914681067430692e-08;5.2707325563392055e-06;3.0571968190310697e-07;0.9999890213250829;5.353075868101121e-06
futonics.pdf;germany;0.9999860364938122;5.470745341831937e-07;6.126705174153316e-06;4.574662195505119e-06;0.9999860364938122;2.7150642841093597e-06
soomiq.pdf;germany;0.9999034796353089;5.317065618939883e-08;2.1810133694175545e-07;9.406683237344421e-05;0.9999034796353089;2.1822603245493745e-06
carbon8.pdf;other;0.9999742388810774;7.523878713463992e-07;5.65626990624162e-06;4.943628590100916e-07;1.885809828593188e-05;0.9999742388810774
cenzor.pdf;other;0.8235132889987761;2.7361526447194223e-05;0.1763894832660137;5.8466710523463706e-05;1.1399498239473591e-05;0.8235132889987761
oppr.pdf;benelux;0.9999739909383547;5.207720829411096e-07;0.9999739909383547;2.1337222278578384e-06;1.5695196077105847e-05;7.659371257139149e-06
mcve4.pdf;france;0.999965757728995;2.3075923240253812e-07;2.654962952936203e-05;0.999965757728995;5.703061518834023e-06;1.7588207244350133e-06
iqunet.pdf;benelux;0.9999866046529419;2.8902596150161874e-07;0.9999866046529419;2.9556816437699965e-06;6.985794628511764e-06;3.164844824370304e-06
heliac.pdf;other;0.99998121519271;8.16921522829762e-07;4.9054736733623365e-06;1.1368784358457038e-05;1.693627735327053e-06;0.99998121519271
enfoil.pdf;benelux;0.9999926475424235;1.1377689101694333e-06;0.9999926475424235;2.209019924918503e-06;2.2224654355642226e-06;1.7832033059786085e-06
theyeq.pdf;france;0.999985104423608;1.1918292493803976e-07;9.829387983238189e-06;0.999985104423608;6.572155961964607e-07;4.289789887764961e-06
zerow.pdf;other;0.9999812458099584;9.14319105011546e-07;4.1499457445655865e-06;1.217643751769443e-05;1.5134876743377848e-06;0.9999812458099584
fibersail2.pdf;other;0.9997639675236712;4.123586341006878e-06;0.00021885217429521992;1.1341841171524081e-05;1.7148745209218901e-06;0.9997639675236712
mcve.pdf;france;0.9999922213811332;1.315936632585892e-07;6.4573373997373395e-06;0.9999922213811332;2.603092831817635e-07;9.293785205523463e-07
obeia.pdf;france;0.999999152217252;3.6766762166618744e-08;5.949654543162653e-07;0.999999152217252;1.5029391397411056e-07;6.575661751734133e-08
cbrtp.pdf;other;0.9999185840992866;6.535955213428248e-06;3.451960693600434e-05;2.429295144543278e-05;1.6067387118532248e-05;0.9999185840992866
adlatusrobotics.pdf;germany;0.99995428893642;1.801991712185986e-07;2.5448931470098477e-07;7.696558549773866e-07;0.99995428893642;4.450671923891832e-05
flyability.pdf;other;0.9999903613293054;1.9234378390251466e-07;2.551782441978235e-06;6.805898160068024e-06;8.864630867401357e-08;0.9999903613293054
lopos.pdf;benelux;0.9999765199602226;9.252423871149569e-08;0.9999765199602226;2.284549642343833e-05;1.6238608489816414e-07;3.7963303022641413e-07
reeverse.pdf;france;0.9999995696098114;2.2068490006394847e-08;2.9440685243277694e-07;0.9999995696098114;1.0256004419921249e-07;1.1354801868600579e-08
bomp.pdf;other;0.9999812055172284;5.042598405313679e-07;6.393060364802024e-06;2.351820760726962e-06;9.545341805547019e-06;0.9999812055172284
astriis.pdf;france;0.9999823448517016;7.298874612034902e-07;1.8570076621696448e-06;0.9999823448517016;3.0101326547397917e-06;1.2058120520324103e-05
enhywhere2.pdf;france;0.9999908113229844;9.09020600784757e-07;5.791259594932064e-06;0.9999908113229844;1.927305427566416e-06;5.610913924473829e-07
molecularplasmagroup.pdf;benelux;0.9999968142936841;3.44755514935249e-07;0.9999968142936841;9.601427338034726e-07;6.869776484500293e-07;1.193830418419711e-06
oxylum.pdf;benelux;0.9999957723279984;1.4712597440281864e-07;0.9999957723279984;1.1206236071829808e-06;4.435894868555136e-07;2.5163329330435094e-06
spotlight.pdf;france;0.9999955433047157;1.918615122750918e-07;3.3749691843918843e-06;0.9999955433047157;2.2171930512504914e-07;6.681452825342129e-07
windfisher.pdf;france;0.9999756133597397;7.960815839564636e-08;1.1312536574340606e-06;0.9999756133597397;1.5813202773015044e-07;2.301764641674663e-05
cloee.pdf;other;0.9999788214549563;1.5729679400001263e-07;2.1968052034480163e-06;3.7058592504525567e-06;1.5118583795912645e-05;0.9999788214549563
heliup2.pdf;france;0.9999991549356517;1.943564901393577e-08;5.489626149916195e-07;0.9999991549356517;1.9605548059682774e-07;8.061060349696827e-08
vocsens.pdf;benelux;0.9999843457813788;1.9154076290833007e-07;0.9999843457813788;9.51876681985903e-06;3.355760832754362e-06;2.5881502056706563e-06
lionvolt.pdf;benelux;0.9999830897374923;8.024116434582174e-07;0.9999830897374923;1.727801864669243e-07;4.112817033019951e-06;1.1822253644773289e-05
threedy.pdf;germany;0.9999695936995806;4.383915709712704e-07;4.416702158449017e-06;2.3533769932302318e-05;0.9999695936995806;2.017436757754343e-06
enow.pdf;benelux;0.9999847458193213;3.4081624457033416e-07;0.9999847458193213;1.427274787590488e-05;6.136299937281393e-07;2.6986564489863706e-08
